0111111011100110110101100101110010110110100100010000000001101001
1011111101110011011110110010111001011011000100010000000001101001
0101111110111001101110110010111001011011010010001000000000110100
0010111111011100110111011001011100101101110010001000000000110100
1001011111101110011011101100101110010110110010001000000000110100
1001011111101110011101110110010111001011001001000100000000011010
1100101111110111001110111011001011100101101001000100000000011010
1100101111110111001011011101100101110010110100100010000000001101
1100101111110111001101101110110010111001001010010001000000000110
0110010111111011100110110111011001011100100101001000100000000011
1011001011111101110111011011101100101110000101001000100000000011
1011001011111101110011101101110110010111010010100100010000000001
1101100101111110111101110110111011001011110010100100010000000001
0110110010111111011101110110111011001011111001010010001000000000
1011011001011111101010111011011101100101111001010010001000000000
1101101100101111110010111011011101100101101100101001000100000000
1101101100101111110001011101101110110010110110010100100010000000
1110110110010111111100101110110111011001001011001010010001000000
0111011011001011111110010111011011101100101011001010010001000000
1011101101100101111111001011101101110110001011001010010001000000
0101110110110010111011100101110110111011010101100101001000100000
1010111011011001011101110010111011011101101010110010100100010000
0101011101101100101010111001011101101110101010110010100100010000
1010101110110110010010111001011101101110100101011001010010001000
0101010111011011001101011100101110110111010010101100101001000100
0101010111011011001110101110010111011011101001010110010100100010
1010101011101101100011010111001011101101101001010110010100100010
1010101011101101100001101011100101110110110100101011001010010001
0101010101110110110001101011100101110110101010010101100101001000
1010101010111011011100110101110010111011001010010101100101001000
0101010101011101101110011010111001011101100101001010110010100100
1010101010101110110110011010111001011101100010100101011001010010
1101010101010111011011001101011100101110110001010010101100101001
1110101010101011101011001101011100101110111000101001010110010100
0111010101010101110101100110101110010111001100010100101011001010
1011101010101010111110110011010111001011110110001010010101100101
1101110101010101011011011001101011100101110110001010010101100101
1110111010101010101001101100110101110010111011000101001010110010
0111011101010101010100110110011010111001011101100010100101011001
0011101110101010101100110110011010111001011110110001010010101100
0001110111010101010110011011001101011100111111011000101001010110
0001110111010101010111001101100110101110011111101100010100101011
0001110111010101010011100110110011010111011111110110001010010101
0000111011101010101101110011011001101011111111110110001010010101
0000011101110101010010111001101100110101111111110110001010010101
0000001110111010101001011100110110011010101111111011000101001010
0000000111011101010100101110011011001101000111111101100010100101
0000000011101110101110010111001101100110110011111110110001010010
0000000011101110101111001011100110110011001001111111011000101001
1000000001110111010111001011100110110011000100111111101100010100
0100000000111011101111100101110011011001100100111111101100010100
0100000000111011101011110010111001101100100010011111110110001010
0100000000111011101101111001011100110110000001001111111011000101
0100000000111011101010111100101110011011010000100111111101100010
0010000000011101110101011110010111001101110000100111111101100010
0010000000011101110010101111001011100110111000010011111110110001
1001000000001110111101010111100101110011011000010011111110110001
0100100000000111011110101011110010111001111000010011111110110001
0100100000000111011011010101111001011100111100001001111111011000
0100100000000111011101101010111100101110011110000100111111101100
1010010000000011101101101010111100101110011111000010011111110110
0101001000000001110101101010111100101110001111100001001111111011
0101001000000001110010110101011110010111000111110000100111111101
0010100100000000111010110101011110010111000011111000010011111110
1001010010000000011010110101011110010111010001111100001001111111
0100101001000000001101011010101111001011110001111100001001111111
1010010100100000000010101101010111100101101000111110000100111111
0101001010010000000010101101010111100101100100011111000010011111
0010100101001000000001010110101011110010100010001111100001001111
0001010010100100000100101011010101111001000010001111100001001111
1000101001010010000110010101101010111100100001000111110000100111
0100010100101001000111001010110101011110000001000111110000100111
0100010100101001000011100101011010101111010000100011111000010011
0100010100101001000101110010101101010111101000010001111100001001
0010001010010100100010111001010110101011101000010001111100001001
0001000101001010010001011100101011010101110100001000111110000100
1000100010100101001000101110010101101010101010000100011111000010
0100010001010010100100010111001010110101001010000100011111000010
1010001000101001010110001011100101011010110101000010001111100001
1101000100010100101111000101110010101101011010100001000111110000
1101000100010100101111100010111001010110101101010000100011111000
1110100010001010010111100010111001010110100110101000010001111100
1111010001000101001111110001011100101011000110101000010001111100
0111101000100010100111110001011100101011000011010100001000111110
1011110100010001010111110001011100101011000001101010000100011111
1101111010001000101111110001011100101011000000110101000010001111
0110111101000100010111111000101110010101110000011010100001000111
0011011110100010001011111100010111001010101000001101010000100011
1001101111010001000101111110001011100101010100000110101000010001
1001101111010001000110111111000101110010111010000011010100001000
0100110111101000100110111111000101110010101101000001101010000100
1010011011110100010110111111000101110010110110100000110101000010
1010011011110100010111011111100010111001011011010000011010100001
1010011011110100010111101111110001011100111101101000001101010000
0101001101111010001111110111111000101110011101101000001101010000
1010100110111101000111110111111000101110011110110100000110101000
1101010011011110100011111011111100010111011110110100000110101000
0110101001101111010101111101111110001011111110110100000110101000
0011010100110111101101111101111110001011101111011010000011010100
1001101010011011110101111101111110001011100111101101000001101010
