1111000110100001001011110011100110011100011011000111000010111100
1111100011010000100011110011100110011100011101100011100001011110
1111110001101000010011110011100110011100001110110001110000101111
1111111000110100001001111001110011001110001110110001110000101111
1111111000110100001000111100111001100111010111011000111000010111
0111111100011010000000111100111001100111001011101100011100001011
0011111110001101000000111100111001100111010101110110001110000101
1001111111000110100100011110011100110011110101110110001110000101
0100111111100011010010001111001110011001110101110110001110000101
0100111111100011010001000111100111001100101010111011000111000010
