0000100111010110000100011010011000010110111100000100101010001000
1000010011101011000110001101001100001011011100000100101010001000
1000010011101011000111000110100110000101101110000010010101000100
1000010011101011000011100011010011000010110111000001001010100010
0100001001110101100101110001101001100001011011100000100101010001
0010000100111010110110111000110100110000111101110000010010101000
0001000010011101011110111000110100110000101110111000001001010100
1000100001001110101111011100011010011000001110111000001001010100
1100010000100111010111011100011010011000000111011100000100101010
0110001000010011101111011100011010011000000011101110000010010101
0011000100001001110111011100011010011000010001110111000001001010
0011000100001001110011101110001101001100011000111011100000100101
0001100010000100111001110111000110100110011000111011100000100101
0000110001000010011001110111000110100110011100011101110000010010
0000011000100001001000111011100011010011011100011101110000010010
1000001100010000100100011101110001101001111100011101110000010010
1000001100010000100010001110111000110100101110001110111000001001
1100000110001000010010001110111000110100100111000111011100000100
1110000011000100001101000111011100011010010011100011101110000010
0111000001100010000010100011101110001101011001110001110111000001
0011100000110001000101010001110111000110111001110001110111000001
0011100000110001000110101000111011100011011100111000111011100000
0001110000011000100110101000111011100011011110011100011101110000
1000111000001100010110101000111011100011011111001110001110111000
0100011100000110001110101000111011100011011111100111000111011100
0100011100000110001111010100011101110001111111110011100011101110
0100011100000110001011101010001110111000101111111001110001110111
0010001110000011000101110101000111011100001111111001110001110111
0001000111000001100101110101000111011100000111111100111000111011
0001000111000001100010111010100011101110010011111110011100011101
0001000111000001100001011101010001110111011001111111001110001110
1000100011100000110100101110101000111011111100111111100111000111
0100010001110000011100101110101000111011101110011111110011100011
0010001000111000001010010111010100011101101110011111110011100011
0010001000111000001001001011101010001110110111001111111001110001
1001000100011100000100100101110101000111010111001111111001110001
1001000100011100000110010010111010100011101011100111111100111000
1001000100011100000011001001011101010001100101110011111110011100
1001000100011100000001100100101110101000110010111001111111001110
1100100010001110000100110010010111010100010010111001111111001110
1110010001000111000010011001001011101010011001011100111111100111
1111001000100011100001001100100101110101001100101110011111110011
1111100100010001110100100110010010111010110110010111001111111001
1111100100010001110110010011001001011101011011001011100111111100
0111110010001000111111001001100100101110111011001011100111111100
1011111001000100011111001001100100101110101101100101110011111110
1101111100100010001111100100110010010111001101100101110011111110
1101111100100010001111110010011001001011100110110010111001111111
1110111110010001000111110010011001001011110011011001011100111111
0111011111001000100011111001001100100101101001101100101110011111
0111011111001000100001111100100110010010100100110110010111001111
0111011111001000100100111110010011001001010010011011001011100111
1011101111100100010110011111001001100100101001001101100101110011
0101110111110010001110011111001001100100110100100110110010111001
0101110111110010001111001111100100110010011010010011011001011100
1010111011111001000111001111100100110010011101001001101100101110
0101011101111100100111001111100100110010011110100100110110010111
0010101110111110010011100111110010011001011111010010011011001011
0001010111011111001101110011111001001100111111010010011011001011
0000101011101111100110111001111100100110011111010010011011001011
0000010101110111110011011100111110010011011111010010011011001011
1000001010111011111011011100111110010011001111101001001101100101
1100000101011101111101101110011111001001110111110100100110110010
0110000010101110111101101110011111001001111011111010010011011001
0011000001010111011010110111001111100100111011111010010011011001
1001100000101011101101011011100111110010001101111101001001101100
0100110000010101110010101101110011111001001101111101001001101100
0100110000010101110101010110111001111100100110111110100100110110
1010011000001010111101010110111001111100110011011111010010011011
1010011000001010111110101011011100111110011001101111101001001101
1010011000001010111011010101101110011111011100110111110100100110
1101001100000101011101101010110111001111111100110111110100100110
1101001100000101011010110101011011100111101110011011111010010011
1101001100000101011001011010101101110011110111001101111101001001
1110100110000010101000101101010110111001110111001101111101001001
0111010011000001010000010110101011011100101011100110111110100100
0111010011000001010100001011010101101110010101110011011111010010
1011101001100000101010000101101010110111011010111001101111101001
0101110100110000010101000010110101011011111010111001101111101001
0101110100110000010010100001011010101101101101011100110111110100
1010111010011000001010100001011010101101100110101110011011111010
1101011101001100000001010000101101010110100110101110011011111010
1110101110100110000100101000010110101011000011010111001101111101
1111010111010011000110010100001011010101100001101011100110111110
0111101011101001100110010100001011010101110000110101110011011111
1011110101110100110110010100001011010101111000011010111001101111
1101111010111010011011001010000101101010101100001101011100110111
0110111101011101001011001010000101101010100110000110101110011011
0011011110101110100101100101000010110101000011000011010111001101
0001101111010111010101100101000010110101000001100001101011100110
0000110111101011101101100101000010110101000000110000110101110011
0000110111101011101110110010100001011010100000011000011010111001
0000110111101011101111011001010000101101000000001100001101011100
0000011011110101110111101100101000010110100000001100001101011100
0000011011110101110111110110010100001011000000000110000110101110
1000001101111010111111111011001010000101100000000110000110101110
1100000110111101011011111101100101000010100000000011000011010111
1110000011011110101011111101100101000010110000000001100001101011
1111000001101111010011111101100101000010101000000000110000110101
0111100000110111101101111110110010100001000100000000011000011010
1011110000011011110101111110110010100001010010000000001100001101
0101111000001101111101111110110010100001001001000000000110000110
0010111100000110111101111110110010100001000100100000000011000011
0001011110000011011101111110110010100001000010010000000001100001
0000101111000001101110111111011001010000100010010000000001100001
0000010111100000110111011111101100101000000010010000000001100001
0000010111100000110011101111110110010100010001001000000000110000
0000001011110000011001110111111011001010010001001000000000110000
0000000101111000001000111011111101100101010001001000000000110000
1000000010111100000000111011111101100101011000100100000000011000
1100000001011110000100011101111110110010111000100100000000011000
1110000000101111000100011101111110110010101100010010000000001100
1111000000010111100100011101111110110010110110001001000000000110
1111000000010111100110001110111111011001011011000100100000000011
0111100000001011110110001110111111011001001101100010010000000001
0011110000000101111110001110111111011001010110110001001000000000
0011110000000101111111000111011111101100101011011000100100000000
0001111000000010111111000111011111101100110101101100010010000000
1000111100000001011111000111011111101100111010110110001001000000
0100011110000000101111000111011111101100101101011011000100100000
0010001111000000010111100011101111110110010110101101100010010000
1001000111100000001111100011101111110110011011010110110001001000
1001000111100000001011110001110111111011001101101011011000100100
1100100011110000000101111000111011111101100110110101101100010010
0110010001111000000010111100011101111110110011011010110110001001
0011001000111100000010111100011101111110101001101101011011000100
0011001000111100000101011110001110111111000100110110101101100010
1001100100011110000110101111000111011111110010011011010110110001
1100110010001111000011010111100011101111110010011011010110110001
1110011001000111100011010111100011101111101001001101101011011000
0111001100100011110001101011110001110111101001001101101011011000
0111001100100011110000110101111000111011110100100110110101101100
0011100110010001111000110101111000111011111010010011011010110110
1001110011001000111000011010111100011101101101001001101101011011
1100111001100100011000001101011110001110110110100100110110101101
1110011100110010001000001101011110001110101011010010011011010110
1111001110011001000000001101011110001110100101101001001101101011
0111100111001100100100000110101111000111010010110100100110110101
0111100111001100100110000011010111100011101001011010010011011010
0011110011100110010011000001101011110001101001011010010011011010
0011110011100110010001100000110101111000100100101101001001101101
0001111001110011001100110000011010111100010010010110100100110110
1000111100111001100100110000011010111100001001001011010010011011
1000111100111001100010011000001101011110010100100101101001001101
1100011110011100110001001100000110101111010100100101101001001101
1110001111001110011001001100000110101111001010010010110100100110
1110001111001110011100100110000011010111100101001001011010010011
1111000111100111001100100110000011010111110010100100101101001001
1111000111100111001010010011000001101011111001010010010110100100
1111000111100111001001001001100000110101111100101001001011010010
0111100011110011100001001001100000110101101110010100100101101001
0111100011110011100000100100110000011010110111001010010010110100
1011110001111001110100010010011000001101010111001010010010110100
0101111000111100111100010010011000001101001011100101001001011010
0101111000111100111110001001001100000110110101110010100100101101
0010111100011110011111000100100110000011001010111001010010010110
1001011110001111001111100010010011000001101010111001010010010110
0100101111000111100011110001001001100000110101011100101001001011
0100101111000111100101111000100100110000011010101110010100100101
0100101111000111100010111100010010011000011101010111001010010010
0010010111100011110001011110001001001100011110101011100101001001
0001001011110001111001011110001001001100001111010101110010100100
1000100101111000111001011110001001001100010111101010111001010010
1100010010111100011000101111000100100110001011110101011100101001
1110001001011110001000101111000100100110010101111010101110010100
0111000100101111000000010111100010010011001010111101010111001010
1011100010010111100100001011110001001001101010111101010111001010
0101110001001011110010000101111000100100100101011110101011100101
0010111000100101111010000101111000100100110010101111010101110010
0010111000100101111101000010111100010010001001010111101010111001
0010111000100101111010100001011110001001010100101011110101011100
0010111000100101111101010000101111000100101010010101111010101110
0001011100010010111110101000010111100010001010010101111010101110
0001011100010010111011010100001011110001000101001010111101010111
1000101110001001011101101010000101111000100010100101011110101011
0100010111000100101101101010000101111000100001010010101111010101
0100010111000100101110110101000010111100000000101001010111101010
1010001011100010010110110101000010111100000000010100101011110101
1010001011100010010011011010100001011110000000001010010101111010
1010001011100010010001101101010000101111000000000101001010111101
1101000101110001001100110110101000010111100000000010100101011110
1110100010111000100010011011010100001011100000000001010010101111
1111010001011100010001001101101010000101110000000000101001010111
0111101000101110001000100110110101000010111000000000010100101011
0011110100010111000000100110110101000010101100000000001010010101
1001111010001011100000100110110101000010100110000000000101001010
1100111101000101110100010011011010100001000110000000000101001010
1110011110100010111100010011011010100001010011000000000010100101
1111001111010001011110001001101101010000110011000000000010100101
1111001111010001011111000100110110101000001001100000000001010010
0111100111101000101011100010011011010100001001100000000001010010
0011110011110100010001110001001101101010001001100000000001010010
0011110011110100010000111000100110110101010100110000000000101001
0011110011110100010100011100010011011010111010011000000000010100
0001111001111010001110001110001001101101011010011000000000010100
1000111100111101000111000111000100110110101101001100000000001010
1100011110011110100111100011100010011011000110100110000000000101
1100011110011110100111110001110001001101100011010011000000000010
0110001111001111010011111000111000100110110001101001100000000001
0011000111100111101101111100011100010011001000110100110000000000
1001100011110011110110111110001110001001101000110100110000000000
1001100011110011110011011111000111000100100100011010011000000000
1001100011110011110101101111100011100010010010001101001100000000
0100110001111001111101101111100011100010011001000110100110000000
1010011000111100111010110111110001110001001100100011010011000000
1010011000111100111101011011111000111000100110010001101001100000
1010011000111100111110101101111100011100000011001000110100110000
0101001100011110011110101101111100011100010001100100011010011000
1010100110001111001110101101111100011100001000110010001101001100
0101010011000111100011010110111110001110001000110010001101001100
0010101001100011110001101011011111000111001000110010001101001100
0001010100110001111001101011011111000111010100011001000110100110
0001010100110001111100110101101111100011111010001100100011010011
1000101010011000111010011010110111110001111101000110010001101001
1100010101001100011001001101011011111000111101000110010001101001
1110001010100110001001001101011011111000111110100011001000110100
0111000101010011000100100110101101111100011111010001100100011010
0011100010101001100010010011010110111110011111010001100100011010
1001110001010100110001001001101011011111011111101000110010001101
1100111000101010011100100100110101101111111111110100011001000110
0110011100010101001100100100110101101111101111111010001100100011
0011001110001010100100100100110101101111110111111101000110010001
1001100111000101010010010010011010110111101011111110100011001000
0100110011100010101001001001001101011011101011111110100011001000
0100110011100010101000100100100110101101110101111111010001100100
0010011001110001010000100100100110101101101010111111101000110010
1001001100111000101000010010010011010110101010111111101000110010
1001001100111000101100001001001001101011000101011111110100011001
0100100110011100010110000100100100110101100101011111110100011001
0010010011001110001110000100100100110101100010101111111010001100
0001001001100111000110000100100100110101100001010111111101000110
1000100100110011100011000010010010011010100001010111111101000110
1000100100110011100101100001001001001101000000101011111110100011
1100010010011001110110110000100100100110100000101011111110100011
0110001001001100111110110000100100100110110000010101111111010001
0011000100100110011111011000010010010011010000010101111111010001
0011000100100110011111101100001001001001111000001010111111101000
1001100010010011001011110110000100100100111100000101011111110100
1100110001001001100011110110000100100100111110000010101111111010
1110011000100100110101111011000010010010011111000001010111111101
1111001100010010011010111101100001001001011111000001010111111101
0111100110001001001101011110110000100100111111000001010111111101
1011110011000100100110101111011000010010001111100000101011111110
0101111001100010010011010111101100001001001111100000101011111110
1010111100110001001101101011110110000100100111110000010101111111
1101011110011000100101101011110110000100110011111000001010111111
1110101111001100010110110101111011000010010011111000001010111111
0111010111100110001011011010111101100001010011111000001010111111
0011101011110011000101101101011110110000110011111000001010111111
0001110101111001100110110110101111011000010011111000001010111111
1000111010111100110011011011010111101100001001111100000101011111
1100011101011110011001101101101011110110001001111100000101011111
1110001110101111001000110110110101111011000100111110000010101111
0111000111010111100100011011011010111101100100111110000010101111
0011100011101011110010001101101101011110100100111110000010101111
0011100011101011110101000110110110101111000010011111000001010111
0001110001110101111110100011011011010111100001001111100000101011
0001110001110101111011010001101101101011110000100111110000010101
0000111000111010111001101000110110110101110000100111110000010101
0000111000111010111000110100011011011010101000010011111000001010
0000111000111010111100011010001101101101010100001001111100000101
1000011100011101011110001101000110110110110100001001111100000101
1100001110001110101111000110100011011011010100001001111100000101
1110000111000111010111000110100011011011011010000100111110000010
1110000111000111010111100011010001101101111101000010011111000001
0111000011100011101011110001101000110110111101000010011111000001
0111000011100011101101111000110100011011011110100001001111100000
0011100001110001110110111100011010001101101111010000100111110000
0001110000111000111110111100011010001101100111101000010011111000
1000111000011100011110111100011010001101110011110100001001111100
1100011100001110001110111100011010001101111001111010000100111110
0110001110000111000110111100011010001101111100111101000010011111
1011000111000011100011011110001101000110101110011110100001001111
1011000111000011100101101111000110100011000111001111010000100111
1101100011100001110101101111000110100011000011100111101000010011
0110110001110000111101101111000110100011000001110011110100001001
1011011000111000011110110111100011010001100001110011110100001001
0101101100011100001011011011110001101000100001110011110100001001
0101101100011100001101101101111000110100010000111001111010000100
0101101100011100001010110110111100011010001000011100111101000010
0010110110001110000010110110111100011010000100001110011110100001
1001011011000111000001011011011110001101000100001110011110100001
1100101101100011100100101101101111000110100100001110011110100001
1110010110110001110110010110110111100011000010000111001111010000
0111001011011000111111001011011011110001100001000011100111101000
1011100101101100011011100101101101111000100000100001110011110100
1101110010110110001101110010110110111100000000100001110011110100
0110111001011011000010111001011011011110010000010000111001111010
0011011100101101100010111001011011011110011000001000011100111101
0001101110010110110010111001011011011110011100000100001110011110
1000110111001011011001011100101101101111011100000100001110011110
1000110111001011011100101110010110110111101110000010000111001111
0100011011100101101010010111001011011011101110000010000111001111
0100011011100101101001001011100101101101110111000001000011100111
1010001101110010110001001011100101101101111011100000100001110011
0101000110111001011000100101110010110110101101110000010000111001
0010100011011100101100010010111001011011001101110000010000111001
1001010001101110010110001001011100101101101101110000010000111001
0100101000110111001110001001011100101101110110111000001000011100
0010010100011011100110001001011100101101101011011100000100001110
1001001010001101110110001001011100101101110101101110000010000111
1100100101000110111011000100101110010110110101101110000010000111
0110010010100011011101100010010111001011001010110111000001000011
0011001001010001101110110001001011100101100101011011100000100001
0001100100101000110011011000100101110010100101011011100000100001
0000110010010100011101101100010010111001000101011011100000100001
1000011001001010001110110110001001011100100010101101110000010000
1100001100100101000111011011000100101110000010101101110000010000
1110000110010010100011101101100010010111000010101101110000010000
1111000011001001010011101101100010010111010001010110111000001000
1111000011001001010101110110110001001011101000101011011100000100
1111100001100100101010111011011000100101100100010101101110000010
1111100001100100101001011101101100010010110010001010110111000001
1111110000110010010100101110110110001001001001000101011011100000
1111110000110010010110010111011011000100100100100010101101110000
1111111000011001001110010111011011000100100010010001010110111000
1111111000011001001111001011101101100010000001001000101011011100
1111111100001100100011100101110110110001000000100100010101101110
0111111110000110010011100101110110110001000000010010001010110111
0011111111000011001101110010111011011000100000010010001010110111
1001111111100001100110111001011101101100000000010010001010110111
1100111111110000110011011100101110110110000000010010001010110111
1100111111110000110001101110010111011011010000001001000101011011
0110011111111000011100110111001011101101111000000100100010101101
0110011111111000011010011011100101110110101100000010010001010110
0110011111111000011101001101110010111011000110000001001000101011
0011001111111100001110100110111001011101100011000000100100010101
0001100111111110000011010011011100101110100011000000100100010101
1000110011111111000101101001101110010111000011000000100100010101
1000110011111111000110110100110111001011100001100000010010001010
1100011001111111100011011010011011100101100001100000010010001010
0110001100111111110011011010011011100101110000110000001001000101
1011000110011111111011011010011011100101101000011000000100100010
0101100011001111111001101101001101110010101000011000000100100010
0101100011001111111100110110100110111001000100001100000010010001
0101100011001111111110011011010011011100100010000110000001001000
0010110001100111111111001101101001101110000010000110000001001000
0001011000110011111011100110110100110111000001000011000000100100
0001011000110011111101110011011010011011110000100001100000010010
0001011000110011111010111001101101001101111000010000110000001001
1000101100011001111001011100110110100110111100001000011000000100
1100010110001100111001011100110110100110101110000100001100000010
0110001011000110011100101110011011010011001110000100001100000010
1011000101100011001110010111001101101001101110000100001100000010
1101100010110001100011001011100110110100110111000010000110000001
1101100010110001100101100101110011011010011011100001000011000000
1110110001011000110010110010111001101101001101110000100001100000
0111011000101100011010110010111001101101000110111000010000110000
1011101100010110001010110010111001101101010011011100001000011000
0101110110001011000010110010111001101101011001101110000100001100
0010111011000101100101011001011100110110111001101110000100001100
0001011101100010110110101100101110011011011001101110000100001100
0000101110110001011111010110010111001101101100110111000010000110
0000010111011000101011101011001011100110100110011011100001000011
0000001011101100010011101011001011100110110011001101110000100001
0000000101110110001011101011001011100110101001100110111000010000
0000000010111011000101110101100101110011000100110011011100001000
0000000001011101100101110101100101110011000010011001101110000100
0000000000101110110110111010110010111001100010011001101110000100
0000000000101110110011011101011001011100100001001100110111000010
1000000000010111011011011101011001011100100000100110011011100001
1100000000001011101011011101011001011100110000010011001101110000
1100000000001011101101101110101100101110001000001001100110111000
0110000000000101110010110111010110010111001000001001100110111000
0110000000000101110101011011101011001011110100000100110011011100
1011000000000010111010101101110101100101111010000010011001101110
1101100000000001011010101101110101100101101101000001001100110111
1101100000000001011001010110111010110010110110100000100110011011
0110110000000000101001010110111010110010101011010000010011001101
0011011000000000010001010110111010110010100101101000001001100110
1001101100000000001001010110111010110010110010110100000100110011
1100110110000000000001010110111010110010101001011010000010011001
0110011011000000000100101011011101011001001001011010000010011001
0011001101100000000110010101101110101100101001011010000010011001
0001100110110000000111001010110111010110000100101101000001001100
0000110011011000000011100101011011101011000010010110100000100110
0000011001101100000101110010101101110101100010010110100000100110
1000001100110110000010111001010110111010100001001011010000010011
1000001100110110000101011100101011011101010000100101101000001001
1100000110011011000110101110010101101110110000100101101000001001
0110000011001101100111010111001010110111011000010010110100000100
0110000011001101100111101011100101011011111100001001011010000010
0011000001100110110111101011100101011011101110000100101101000001
1001100000110011011011110101110010101101110111000010010110100000
0100110000011001101011110101110010101101101011100001001011010000
0100110000011001101001111010111001010110100101110000100101101000
0010011000001100110001111010111001010110100010111000010010110100
1001001100000110011001111010111001010110100001011100001001011010
1100100110000011001001111010111001010110100000101110000100101101
1110010011000001100100111101011100101011000000101110000100101101
1111001001100000110110011110101110010101100000101110000100101101
0111100100110000011011001111010111001010110000010111000010010110
0111100100110000011101100111101011100101001000001011100001001011
0011110010011000001110110011110101110010101000001011100001001011
1001111001001100000111011001111010111001010100000101110000100101
1001111001001100000111101100111101011100101010000010111000010010
1100111100100110000111101100111101011100110101000001011100001001
1100111100100110000111110110011110101110011010100000101110000100
1110011110010011000111110110011110101110011101010000010111000010
0111001111001001100011111011001111010111011101010000010111000010
0111001111001001100101111101100111101011111110101000001011100001
0111001111001001100010111110110011110101101111010100000101110000
1011100111100100110001011111011001111010101111010100000101110000
1101110011110010011100101111101100111101001111010100000101110000
1101110011110010011110010111110110011110100111101010000010111000
0110111001111001001111001011111011001111000111101010000010111000
1011011100111100100111001011111011001111010011110101000001011100
1011011100111100100111100101111101100111111001111010100000101110
0101101110011110010111100101111101100111111100111101010000010111
0010110111001111001011110010111110110011101110011110101000001011
0001011011100111100001111001011111011001101110011110101000001011
0000101101110011110000111100101111101100101110011110101000001011
0000010110111001111100011110010111110110010111001111010100000101
1000001011011100111010001111001011111011011011100111101010000010
0100000101101110011010001111001011111011011101110011110101000001
1010000010110111001101000111100101111101111101110011110101000001
0101000001011011100101000111100101111101111110111001111010100000
1010100000101101110010100011110010111110111110111001111010100000
1010100000101101110101010001111001011111011111011100111101010000
1101010000010110111101010001111001011111011111101110011110101000
0110101000001011011101010001111001011111011111110111001111010100
0110101000001011011110101000111100101111111111111011100111101010
0110101000001011011011010100011110010111101111111101110011110101
0110101000001011011001101010001111001011110111111110111001111010
0011010100000101101000110101000111100101101011111111011100111101
1001101010000010110000011010100011110010101011111111011100111101
0100110101000001011000011010100011110010110101111111101110011110
0010011010100000101100001101010001111001010101111111101110011110
0001001101010000010110000110101000111100111010111111110111001111
1000100110101000001111000011010100011110011010111111110111001111
1100010011010100000011100001101010001111001101011111111011100111
1110001001101010000011100001101010001111000110101111111101110011
0111000100110101000101110000110101000111100110101111111101110011
0111000100110101000010111000011010100011110011010111111110111001
0111000100110101000001011100001101010001111001101011111111011100
1011100010011010100000101110000110101000111001101011111111011100
1101110001001101010000101110000110101000101100110101111111101110
0110111000100110101100010111000011010100001100110101111111101110
1011011100010011010010001011100001101010001100110101111111101110
1101101110001001101001000101110000110101001100110101111111101110
0110110111000100110100100010111000011010100110011010111111110111
1011011011100010011110010001011100001101000110011010111111110111
0101101101110001001111001000101110000110100110011010111111110111
1010110110111000100111100100010111000011000011001101011111111011
1101011011011100010111110010001011100001110001100110101111111101
1101011011011100010011111001000101110000101000110011010111111110
0110101101101110001011111001000101110000100100011001101011111111
0011010110110111000101111100100010111000000100011001101011111111
1001101011011011100101111100100010111000000010001100110101111111
1001101011011011100010111110010001011100000001000110011010111111
1100110101101101110001011111001000101110000001000110011010111111
1110011010110110111000101111100100010111010000100011001101011111
0111001101011011011000101111100100010111011000010001100110101111
0011100110101101101100010111110010001011111000010001100110101111
1001110011010110110010001011111001000101111100001000110011010111
1100111001101011011001000101111100100010111100001000110011010111
0110011100110101101001000101111100100010101110000100011001101011
1011001110011010110001000101111100100010100111000010001100110101
0101100111001101011100100010111110010001000111000010001100110101
1010110011100110101110010001011111001000100111000010001100110101
1101011001110011010111001000101111100100000111000010001100110101
1110101100111001101011100100010111110010000011100001000110011010
1110101100111001101001110010001011111001010001110000100011001101
0111010110011100110100111001000101111100101000111000010001100110
0111010110011100110110011100100010111110010100011100001000110011
0111010110011100110011001110010001011111011010001110000100011001
1011101011001110011101100111001000101111111010001110000100011001
1011101011001110011010110011100100010111101101000111000010001100
1101110101100111001010110011100100010111110110100011100001000110
0110111010110011100001011001110010001011110110100011100001000110
1011011101011001110000101100111001000101101011010001110000100011
1011011101011001110000010110011100100010100101101000111000010001
0101101110101100111000010110011100100010100010110100011100001000
0010110111010110011100001011001110010001000010110100011100001000
0010110111010110011110000101100111001000100001011010001110000100
0010110111010110011111000010110011100100000000101101000111000010
1001011011101011001011100001011001110010000000010110100011100001
1100101101110101100001110000101100111001000000010110100011100001
0110010110111010110100111000010110011100110000001011010001110000
0011001011011101011110011100001011001110011000000101101000111000
1001100101101110101110011100001011001110001100000010110100011100
1100110010110111010011001110000101100111010110000001011010001110
0110011001011011101011001110000101100111001011000000101101000111
0011001100101101110101100111000010110011110101100000010110100011
1001100110010110111010110011100001011001101010110000001011010001
1001100110010110111001011001110000101100110101011000000101101000
0100110011001011011100101100111000010110010101011000000101101000
0010011001100101101010010110011100001011010101011000000101101000
1001001100110010110010010110011100001011011010101100000010110100
0100100110011001011010010110011100001011001101010110000001011010
0010010011001100101101001011001110000101101101010110000001011010
0010010011001100101010100101100111000010110110101011000000101101
1001001001100110010010100101100111000010111011010101100000010110
0100100100110011001101010010110011100001011011010101100000010110
0100100100110011001110101001011001110000101101101010110000001011
1010010010011001100110101001011001110000110110110101011000000101
1101001001001100110111010100101100111000001011011010101100000010
1110100100100110011011101010010110011100000101101101010110000001
1110100100100110011001110101001011001110000010110110101011000000
1111010010010011001000111010100101100111000001011011010101100000
1111101001001001100000111010100101100111010000101101101010110000
1111110100100100110100011101010010110011110000101101101010110000
1111110100100100110010001110101001011001111000010110110101011000
1111111010010010011001000111010100101100101100001011011010101100
0111111101001001001100100011101010010110000110000101101101010110
1011111110100100100010010001110101001011000110000101101101010110
0101111111010010010101001000111010100101100011000010110110101011
1010111111101001001010100100011101010010100011000010110110101011
1101011111110100100101010010001110101001000011000010110110101011
1101011111110100100110101001000111010100100001100001011011010101
0110101111111010010110101001000111010100100000110000101101101010
0110101111111010010111010100100011101010010000011000010110110101
0110101111111010010011101010010001110101011000001100001011011010
1011010111111101001101110101001000111010111000001100001011011010
1011010111111101001110111010100100011101001100000110000101101101
1011010111111101001111011101010010001110100110000011000010110110
0101101011111110100111101110101001000111000011000001100001011011
0010110101111111010111101110101001000111000001100000110000101101
0001011010111111101111110111010100100011100000110000011000010110
1000101101011111110011111011101010010001100000110000011000010110
1100010110101111111001111101110101001000100000011000001100001011
0110001011010111111100111110111010100100000000011000001100001011
0011000101101011111010011111011101010010000000011000001100001011
1001100010110101111010011111011101010010010000001100000110000101
0100110001011010111001001111101110101001010000001100000110000101
1010011000101101011100100111110111010100111000000110000011000010
1101001100010110101100100111110111010100111100000011000001100001
1101001100010110101110010011111011101010011110000001100000110000
1101001100010110101011001001111101110101001111000000110000011000
1110100110001011010011001001111101110101000111100000011000001100
1111010011000101101101100100111110111010100111100000011000001100
1111101001100010110110110010011111011101000111100000011000001100
0111110100110001011110110010011111011101010011110000001100000110
0011111010011000101110110010011111011101001001111000000110000011
0001111101001100010111011001001111101110101001111000000110000011
0000111110100110001111101100100111110111010100111100000011000001
0000111110100110001111110110010011111011101010011110000001100000
0000011111010011000011111011001001111101101010011110000001100000
0000011111010011000001111101100100111110110101001111000000110000
0000001111101001100001111101100100111110111010100111100000011000
1000000111110100110001111101100100111110101101010011110000001100
1100000011111010011001111101100100111110110110101001111000000110
0110000001111101001001111101100100111110111011010100111100000011
0011000000111110100100111110110010011111001101101010011110000001
0001100000011111010100111110110010011111000110110101001111000000
0001100000011111010110011111011001001111100011011010100111100000
0000110000001111101110011111011001001111110001101101010011110000
0000110000001111101011001111101100100111111000110110101001111000
1000011000000111110001100111110110010011101100011011010100111100
1000011000000111110000110011111011001001100110001101101010011110
1000011000000111110000011001111101100100110011000110110101001111
1100001100000011111000011001111101100100111001100011011010100111
1100001100000011111100001100111110110010011100110001101101010011
1100001100000011111010000110011111011001001110011000110110101001
1110000110000001111010000110011111011001000111001100011011010100
1111000011000000111101000011001111101100100111001100011011010100
1111000011000000111110100001100111110110000011100110001101101010
1111000011000000111011010000110011111011010001110011000110110101
1111100001100000011101101000011001111101101000111001100011011010
1111100001100000011010110100001100111110100100011100110001101101
0111110000110000001101011010000110011111010010001110011000110110
1011111000011000000110101101000011001111111001000111001100011011
0101111100001100000011010110100001100111111001000111001100011011
1010111110000110000001101011010000110011111001000111001100011011
1101011111000011000000110101101000011001101100100011100110001101
0110101111100001100000110101101000011001100110010001110011000110
1011010111110000110000110101101000011001100011001000111001100011
1011010111110000110000011010110100001100110001100100011100110001
0101101011111000011100001101011010000110010001100100011100110001
0010110101111100001010000110101101000011010001100100011100110001
0001011010111110000101000011010110100001111000110010001110011000
1000101101011111000010100001101011010000111000110010001110011000
1100010110101111100101010000110101101000001100011001000111001100
0110001011010111110010101000011010110100000110001100100011100110
1011000101101011111001010100001101011010000110001100100011100110
1101100010110101111000101010000110101101010011000110010001110011
1101100010110101111100010101000011010110101001100011001000111001
0110110001011010111100010101000011010110110100110001100100011100
1011011000101101011110001010100001101011010100110001100100011100
1101101100010110101111000101010000110101110100110001100100011100
1101101100010110101011100010101000011010111010011000110010001110
1110110110001011010101110001010100001101011101001100011001000111
1111011011000101101110111000101010000110111101001100011001000111
1111011011000101101111011100010101000011001110100110001100100011
1111101101100010110111101110001010100001101110100110001100100011
0111110110110001011011110111000101010000100111010011000110010001
0011111011011000101011110111000101010000110011101001100011001000
0001111101101100010011110111000101010000111001110100110001100100
0000111110110110001101111011100010101000011100111010011000110010
0000111110110110001010111101110001010100001110011101001100011001
0000011111011011000001011110111000101010000111001110100110001100
0000001111101101100000101111011100010101000111001110100110001100
0000000111110110110100010111101110001010100111001110100110001100
0000000111110110110110001011110111000101000011100111010011000110
1000000011111011011111000101111011100010100001110011101001100011
0100000001111101101111100010111101110001000000111001110100110001
0100000001111101101111110001011110111000100000011100111010011000
1010000000111110110111110001011110111000110000001110011101001100
1101000000011111011111110001011110111000101000000111001110100110
1101000000011111011111111000101111011100000100000011100111010011
1110100000001111101011111100010111101110000100000011100111010011
1110100000001111101001111110001011110111000010000001110011101001
1111010000000111110100111111000101111011100010000001110011101001
1111101000000011111010011111100010111101100010000001110011101001
1111110100000001111001001111110001011110100010000001110011101001
1111110100000001111100100111111000101111010001000000111001110100
1111111010000000111100100111111000101111011000100000011100111010
1111111101000000011110010011111100010111111000100000011100111010
0111111110100000001110010011111100010111111100010000001110011101
1011111111010000000011001001111110001011111100010000001110011101
0101111111101000000001100100111111000101111100010000001110011101
0010111111110100000000110010011111100010111100010000001110011101
1001011111111010000100011001001111110001011100010000001110011101
1001011111111010000110001100100111111000101110001000000111001110
1001011111111010000111000110010011111100010111000100000011100111
0100101111111101000011100011001001111110010111000100000011100111
0100101111111101000001110001100100111111011011100010000001110011
0100101111111101000100111000110010011111101101110001000000111001
1010010111111110100010011100011001001111110110111000100000011100
0101001011111111010001001110001100100111110110111000100000011100
0101001011111111010000100111000110010011101011011100010000001110
0101001011111111010000010011100011001001110101101110001000000111
0101001011111111010000001001110001100100101010110111000100000011
0010100101111111101100000100111000110010000101011011100010000001
0010100101111111101010000010011100011001000010101101110001000000
0010100101111111101101000001001110001100110001010110111000100000
1001010010111111110110100000100111000110001000101011011100010000
1100101001011111111110100000100111000110010100010101101110001000
0110010100101111111011010000010011100011010100010101101110001000
0110010100101111111101101000001001110001101010001010110111000100
0011001010010111111010110100000100111000100101000101011011100010
0001100101001011111010110100000100111000110010100010101101110001
1000110010100101111101011010000010011100011001010001010110111000
0100011001010010111101011010000010011100001100101000101011011100
1010001100101001011010101101000001001110000110010100010101101110
0101000110010100101001010110100000100111000011001010001010110111
0101000110010100101100101011010000010011100001100101000101011011
1010100011001010010010010101101000001001100000110010100010101101
1010100011001010010001001010110100000100100000011001010001010110
1101010001100101001100100101011010000010010000001100101000101011
0110101000110010100100100101011010000010011000000110010100010101
1011010100011001010100100101011010000010001100000011001010001010
1011010100011001010010010010101101000001010110000001100101000101
1101101010001100101101001001010110100000110110000001100101000101
1110110101000110010110100100101011010000001011000000110010100010
0111011010100011001011010010010101101000010101100000011001010001
1011101101010001100001101001001010110100010101100000011001010001
1101110110101000110000110100100101011010011010110000001100101000
1101110110101000110000011010010010101101001101011000000110010100
0110111011010100011100001101001001010110101101011000000110010100
0110111011010100011110000110100100101011000110101100000011001010
0110111011010100011111000011010010010101100011010110000001100101
1011011101101010001011100001101001001010100011010110000001100101
1101101110110101000101110000110100100101000001101011000000110010
1110110111011010100110111000011010010010100000110101100000011001
1111011011101101010111011100001101001001010000011010110000001100
1111011011101101010111101110000110100100101000001101011000000110
0111101101110110101111101110000110100100110100000110101100000011
1011110110111011010111110111000011010010001010000011010110000001
1101111011011101101111110111000011010010010101000001101011000000
1110111101101110110111110111000011010010001010100000110101100000
1111011110110111011011111011100001101001000101010000011010110000
1111011110110111011101111101110000110100100010101000001101011000
1111101111011011101110111110111000011010000010101000001101011000
0111110111101101110011011111011100001101000010101000001101011000
1011111011110110111101101111101110000110100010101000001101011000
1011111011110110111110110111110111000011010001010100000110101100
0101111101111011011111011011111011100001110001010100000110101100
0010111110111101101111011011111011100001111000101010000011010110
1001011111011110110011101101111101110000111000101010000011010110
1100101111101111011101110110111110111000011000101010000011010110
1110010111110111101010111011011111011100011000101010000011010110
1111001011111011110001011101101111101110011000101010000011010110
1111001011111011110000101110110111110111011100010101000001101011
0111100101111101111100010111011011111011101110001010100000110101
0011110010111110111100010111011011111011110111000101010000011010
0001111001011111011010001011101101111101111011100010101000001101
1000111100101111101001000101110110111110101101110001010100000110
1000111100101111101100100010111011011111000110111000101010000011
1100011110010111110100100010111011011111010011011100010101000001
1110001111001011111110010001011101101111110011011100010101000001
1111000111100101111011001000101110110111110011011100010101000001
1111000111100101111001100100010111011011101001101110001010100000
0111100011110010111000110010001011101101101001101110001010100000
0111100011110010111000011001000101110110110100110111000101010000
1011110001111001011000011001000101110110101010011011100010101000
0101111000111100101100001100100010111011001010011011100010101000
1010111100011110010110000110010001011101101010011011100010101000
1010111100011110010011000011001000101110110101001101110001010100
0101011110001111001101100001100100010111010101001101110001010100
0010101111000111100101100001100100010111001010100110111000101010
0010101111000111100110110000110010001011110101010011011100010101
0001010111100011110011011000011001000101101010101001101110001010
0000101011110001111001101100001100100010100101010100110111000101
0000101011110001111100110110000110010001000010101010011011100010
0000101011110001111110011011000011001000100001010101001101110001
1000010101111000111110011011000011001000110000101010100110111000
1100001010111100011111001101100001100100011000010101010011011100
1110000101011110001111001101100001100100011100001010101001101110
0111000010101111000011100110110000110010011110000101010100110111
1011100001010111100001110011011000011001011111000010101010011011
0101110000101011110001110011011000011001001111100001010101001101
0101110000101011110100111001101100001100100111110000101010100110
0010111000010101111110011100110110000110000011111000010101010011
0001011100001010111110011100110110000110010001111100001010101001
1000101110000101011110011100110110000110001000111110000101010100
1100010111000010101011001110011011000011001000111110000101010100
0110001011100001010101100111001101100001101000111110000101010100
0110001011100001010010110011100110110000100100011111000010101010
1011000101110000101010110011100110110000100010001111100001010101
0101100010111000010101011001110011011000000010001111100001010101
1010110001011100001010101100111001101100010001000111110000101010
1010110001011100001001010110011100110110011000100011111000010101
1010110001011100001000101011001110011011001100010001111100001010
0101011000101110000100010101100111001101101100010001111100001010
1010101100010111000010001010110011100110101100010001111100001010
1010101100010111000101000101011001110011010110001000111110000101
1101010110001011100101000101011001110011011011000100011111000010
1110101011000101110110100010101100111001111011000100011111000010
1110101011000101110011010001010110011100111101100010001111100001
1111010101100010111101101000101011001110011101100010001111100001
1111101010110001011010110100010101100111011110110001000111110000
0111110101011000101101011010001010110011101111011000100011111000
0011111010101100010010101101000101011001110111101100010001111100
0011111010101100010001010110100010101100101011110110001000111110
0011111010101100010100101011010001010110000101111011000100011111
0001111101010110001010010101101000101011000010111101100010001111
0000111110101011000101001010110100010101100010111101100010001111
0000011111010101100010100101011010001010100001011110110001000111
0000001111101010110101010010101101000101000001011110110001000111
0000001111101010110110101001010110100010100000101111011000100011
0000000111110101011111010100101011010001010000010111101100010001
1000000011111010101111010100101011010001011000001011110110001000
0100000001111101010111010100101011010001011100000101111011000100
0010000000111110101111101010010101101000111100000101111011000100
0010000000111110101111110101001010110100011110000010111101100010
1001000000011111010011111010100101011010011111000001011110110001
0100100000001111101001111101010010101101011111000001011110110001
0100100000001111101100111110101001010110111111100000101111011000
1010010000000111110110011111010100101011001111110000010111101100
1101001000000011111110011111010100101011010111111000001011110110
1110100100000001111110011111010100101011011011111100000101111011
1111010010000000111110011111010100101011011101111110000010111101
1111101001000000011111001111101010010101111101111110000010111101
0111110100100000001011100111110101001010111110111111000001011110
0111110100100000001101110011111010100101011111011111100000101111
0111110100100000001110111001111101010010101111101111110000010111
0111110100100000001111011100111110101001000111110111111000001011
0111110100100000001111101110011111010100100011111011111100000101
0111110100100000001111110111001111101010010001111101111110000010
1011111010010000000011111011100111110101010001111101111110000010
0101111101001000000011111011100111110101001000111110111111000001
0010111110100100000101111101110011111010100100011111011111100000
1001011111010010000110111110111001111101010010001111101111110000
0100101111101001000111011111011100111110111001000111110111111000
0010010111110100100111101111101110011111001100100011111011111100
0001001011111010010111101111101110011111010110010001111101111110
1000100101111101001111101111101110011111001011001000111110111111
0100010010111110100111110111110111001111100101100100011111011111
0010001001011111010011111011111011100111100101100100011111011111
0001000100101111101011111011111011100111110010110010001111101111
1000100010010111110011111011111011100111111001011001000111110111
1100010001001011111001111101111101110011101100101100100011111011
1110001000100101111001111101111101110011110110010110010001111101
0111000100010010111001111101111101110011101011001011001000111110
0111000100010010111000111110111110111001110101100101100100011111
0111000100010010111000011111011111011100111010110010110010001111
1011100010001001011000011111011111011100111101011001011001000111
0101110001000100101100001111101111101110001110101100101100100011
1010111000100010010010000111110111110111010111010110010110010001
1101011100010001001010000111110111110111011011101011001011001000
1101011100010001001101000011111011111011111101110101100101100100
1101011100010001001010100001111101111101111110111010110010110010
1110101110001000100010100001111101111101101111011101011001011001
1111010111000100010001010000111110111110100111101110101100101100
0111101011100010001100101000011111011111000111101110101100101100
1011110101110001000110010100001111101111100111101110101100101100
0101111010111000100011001010000111110111100011110111010110010110
1010111101011100010011001010000111110111100001111011101011001011
0101011110101110001001100101000011111011100001111011101011001011
0010101111010111000001100101000011111011110000111101110101100101
1001010111101011100001100101000011111011111000011110111010110010
1001010111101011100000110010100001111101101100001111011101011001
1100101011110101110000110010100001111101100110000111101110101100
1110010101111010111000110010100001111101110011000011110111010110
1111001010111101011000011001010000111110110011000011110111010110
1111100101011110101100001100101000011111001001100001111011101011
1111110010101111010110000110010100001111101001100001111011101011
0111111001010111101011000011001010000111100100110000111101110101
1011111100101011110001100001100101000011100010011000011110111010
0101111110010101111000110000110010100001100001001100001111011101
0010111111001010111000011000011001010000100001001100001111011101
1001011111100101011100001100001100101000000001001100001111011101
1001011111100101011010000110000110010100010000100110000111101110
1001011111100101011001000011000011001010001000010011000011110111
1100101111110010101001000011000011001010010100001001100001111011
0110010111111001010001000011000011001010011010000100110000111101
0110010111111001010000100001100001100101001101000010011000011110
0110010111111001010100010000110000110010100110100001001100001111
1011001011111100101110001000011000011001010011010000100110000111
1101100101111110010111000100001100001100110011010000100110000111
0110110010111111001111100010000110000110011001101000010011000011
0110110010111111001011110001000011000011011100110100001001100001
0110110010111111001101111000100001100001111110011010000100110000
0110110010111111001010111100010000110000111111001101000010011000
0011011001011111100101011110001000011000011111100110100001001100
0001101100101111110010101111000100001100011111110011010000100110
1000110110010111111001010111100010000110011111110011010000100110
0100011011001011111001010111100010000110001111111001101000010011
1010001101100101111001010111100010000110010111111100110100001001
0101000110110010111000101011110001000011001011111110011010000100
1010100011011001011100010101111000100001101011111110011010000100
0101010001101100101010001010111100010000101011111110011010000100
1010101000110110010010001010111100010000100101111111001101000010
1010101000110110010101000101011110001000000010111111100110100001
1010101000110110010010100010101111000100000001011111110011010000
0101010100011011001001010001010111100010000001011111110011010000
0101010100011011001000101000101011110001010000101111111001101000
1010101010001101100100010100010101111000110000101111111001101000
0101010101000110110110001010001010111100011000010111111100110100
1010101010100011011011000101000101011110011000010111111100110100
0101010101010001101011000101000101011110011100001011111110011010
0010101010101000110001100010100010101111011100001011111110011010
0001010101010100011001100010100010101111001110000101111111001101
1000101010101010001100110001010001010111101110000101111111001101
1100010101010101000010011000101000101011100111000010111111100110
1110001010101010100001001100010100010101100011100001011111110011
1111000101010101010000100110001010001010100001110000101111111001
0111100010101010101100010011000101000101010000111000010111111100
0111100010101010101110001001100010100010101000011100001011111110
0111100010101010101111000100110001010001010100001110000101111111
0011110001010101010111100010011000101000110100001110000101111111
0001111000101010101111100010011000101000101010000111000010111111
0001111000101010101111110001001100010100010101000011100001011111
0000111100010101010011111000100110001010010101000011100001011111
0000011110001010101001111100010011000101010101000011100001011111
0000001111000101010100111110001001100010111010100001110000101111
0000000111100010101100111110001001100010111101010000111000010111
0000000111100010101110011111000100110001011110101000011100001011
0000000111100010101111001111100010011000111111010100001110000101
0000000111100010101111100111110001001100001111101010000111000010
0000000011110001010011110011111000100110001111101010000111000010
1000000001111000101001111001111100010011001111101010000111000010
0100000000111100010001111001111100010011000111110101000011100001
0100000000111100010100111100111110001001110011111010100001110000
0010000000011110001100111100111110001001111001111101010000111000
0010000000011110001010011110011111000100111100111110101000011100
0001000000001111000010011110011111000100101110011111010100001110
0001000000001111000101001111001111100010010111001111101010000111
1000100000000111100010100111100111110001010111001111101010000111
0100010000000011110101010011110011111000110111001111101010000111
0100010000000011110110101001111001111100001011100111110101000011
0100010000000011110011010100111100111110000101110011111010100001
0100010000000011110001101010011110011111010010111001111101010000
0100010000000011110100110101001111001111111001011100111110101000
0010001000000001111010011010100111100111111100101110011111010100
1001000100000000111001001101010011110011101110010111001111101010
1001000100000000111000100110101001111001110111001011100111110101
1100100010000000011000010011010100111100110111001011100111110101
0110010001000000001100001001101010011110011011100101110011111010
1011001000100000000010000100110101001111011011100101110011111010
1011001000100000000101000010011010100111111101110010111001111101
0101100100010000000101000010011010100111101110111001011100111110
0101100100010000000010100001001101010011110111011100101110011111
0010110010001000000001010000100110101001101011101110010111001111
0010110010001000000000101000010011010100100101110111001011100111
0001011001000100000100010100001001101010010010111011100101110011
1000101100100010000010001010000100110101010010111011100101110011
0100010110010001000101000101000010011010110010111011100101110011
0010001011001000100101000101000010011010111001011101110010111001
1001000101100100010101000101000010011010101100101110111001011100
0100100010110010001110100010100001001101000110010111011100101110
1010010001011001000110100010100001001101000011001011101110010111
0101001000101100100111010001010000100110100011001011101110010111
0101001000101100100111101000101000010011000001100101110111001011
0010100100010110010111110100010100001001100001100101110111001011
0010100100010110010011111010001010000100100000110010111011100101
0001010010001011001101111101000101000010000000011001011101110010
1000101001000101100101111101000101000010000000001100101110111001
0100010100100010110010111110100010100001000000000110010111011100
0010001010010001011101011111010001010000110000000011001011101110
0001000101001000101110101111101000101000001000000001100101110111
0000100010100100010011010111110100010100001000000001100101110111
0000010001010010001001101011111010001010010100000000110010111011
1000001000101001000001101011111010001010001010000000011001011101
0100000100010100100001101011111010001010000101000000001100101110
0010000010001010010001101011111010001010000010100000000110010111
1001000001000101001000110101111101000101000010100000000110010111
0100100000100010100000110101111101000101010001010000000011001011
1010010000010001010000110101111101000101001000101000000001100101
1101001000001000101000110101111101000101010100010100000000110010
0110100100000100010000110101111101000101011010001010000000011001
0011010010000010001000110101111101000101001101000101000000001100
1001101001000001000100011010111110100010110110100010100000000110
0100110100100000100100011010111110100010101011010001010000000011
0100110100100000100110001101011111010001000101101000101000000001
1010011010010000010110001101011111010001000010110100010100000000
1101001101001000001111000110101111101000100010110100010100000000
1110100110100100000111100011010111110100000001011010001010000000
1111010011010010000011110001101011111010000001011010001010000000
1111010011010010000001111000110101111101010000101101000101000000
0111101001101001000100111100011010111110111000010110100010100000
0011110100110100100100111100011010111110101100001011010001010000
0011110100110100100110011110001101011111010110000101101000101000
0001111010011010010111001111000110101111110110000101101000101000
1000111101001101001111001111000110101111101011000010110100010100
0100011110100110100011100111100011010111110101100001011010001010
0010001111010011010011100111100011010111111010110000101101000101
0010001111010011010001110011110001101011101101011000010110100010
1001000111101001101000111001111000110101101101011000010110100010
0100100011110100110000011100111100011010101101011000010110100010
1010010001111010011100001110011110001101001101011000010110100010
0101001000111101001100001110011110001101000110101100001011010001
0010100100011110100100001110011110001101000011010110000101101000
0001010010001111010100001110011110001101000001101011000010110100
0000101001000111101110000111001111000110100000110101100001011010
1000010100100011110111000011100111100011000000110101100001011010
0100001010010001111111100001110011110001100000110101100001011010
1010000101001000111011110000111001111000110000011010110000101101
1101000010100100011011110000111001111000111000001101011000010110
1110100001010010001101111000011100111100011100000110101100001011
1111010000101001000101111000011100111100001110000011010110000101
1111010000101001000010111100001110011110000111000001101011000010
0111101000010100100001011110000111001111000111000001101011000010
0011110100001010010100101111000011100111100111000001101011000010
1001111010000101001010010111100001110011100111000001101011000010
0100111101000010100010010111100001110011110011100000110101100001
1010011110100001010001001011110000111001111001110000011010110000
1101001111010000101000100101111000011100111001110000011010110000
0110100111101000010100010010111100001110011001110000011010110000
1011010011110100001010001001011110000111011001110000011010110000
0101101001111010000101000100101111000011111001110000011010110000
0010110100111101000010100010010111100001101100111000001101011000
1001011010011110100010100010010111100001110110011100000110101100
0100101101001111010001010001001011110000110110011100000110101100
0010010110100111101100101000100101111000001011001110000011010110
0010010110100111101010010100010010111100010101100111000001101011
1001001011010011110001001010001001011110001010110011100000110101
0100100101101001111001001010001001011110000101011001110000011010
1010010010110100111000100101000100101111000101011001110000011010
0101001001011010011000100101000100101111000010101100111000001101
0010100100101101001100010010100010010111110001010110011100000110
0001010010010110100010001001010001001011101000101011001110000011
0000101001001011010001000100101000100101110100010101100111000001
1000010100100101101000100010010100010010110100010101100111000001
1000010100100101101100010001001010001001011010001010110011100000
1100001010010010110110001000100101000100111101000101011001110000
0110000101001001011110001000100101000100101110100010101100111000
0011000010100100101111000100010010100010000111010001010110011100
1001100001010010010011100010001001010001010011101000101011001110
1100110000101001001101110001000100101000111001110100010101100111
1110011000010100100110111000100010010100011100111010001010110011
0111001100001010010011011100010001001010011110011101000101011001
0111001100001010010001101110001000100101001111001110100010101100
1011100110000101001100110111000100010010100111100111010001010110
0101110011000010100100110111000100010010100011110011101000101011
1010111001100001010100110111000100010010100001111001110100010101
1101011100110000101110011011100010001001000001111001110100010101
0110101110011000010111001101110001000100100001111001110100010101
1011010111001100001111100110111000100010010000111100111010001010
0101101011100110000011110011011100010001010000111100111010001010
1010110101110011000101111001101110001000110000111100111010001010
0101011010111001100110111100110111000100001000011110011101000101
1010101101011100110011011110011011100010001000011110011101000101
1101010110101110011011011110011011100010010100001111001110100010
1110101011010111001001101111001101110001001010000111100111010001
0111010101101011100001101111001101110001010101000011110011101000
1011101010110101110100110111100110111000110101000011110011101000
1101110101011010111100110111100110111000101010100001111001110100
1110111010101101011110011011110011011100001010100001111001110100
1111011101010110101011001101111001101110010101010000111100111010
1111101110101011010011001101111001101110011010101000011110011101
1111110111010101101001100110111100110111011010101000011110011101
1111111011101010110100110011011110011011111010101000011110011101
0111111101110101011010011001101111001101111010101000011110011101
1011111110111010101001001100110111100110111101010100001111001110
0101111111011101010100100110011011110011011101010100001111001110
0010111111101110101110010011001101111001111101010100001111001110
0010111111101110101011001001100110111100101110101010000111100111
0010111111101110101101100100110011011110000111010101000011110011
1001011111110111010010110010011001101111000011101010100001111001
0100101111111011101101011001001100110111100011101010100001111001
0100101111111011101010101100100110011011100001110101010000111100
0010010111111101110010101100100110011011110000111010101000011110
0010010111111101110001010110010011001101111000011101010100001111
1001001011111110111000101011001001100110101100001110101010000111
1001001011111110111100010101100100110011000110000111010101000011
0100100101111111011100010101100100110011000011000011101010100001
1010010010111111101110001010110010011001100011000011101010100001
1101001001011111110011000101011001001100110001100001110101010000
1101001001011111110101100010101100100110001000110000111010101000
1110100100101111111010110001010110010011000100011000011101010100
0111010010010111111010110001010110010011000010001100001110101010
0011101001001011111101011000101011001001100010001100001110101010
1001110100100101111010101100010101100100100001000110000111010101
0100111010010010111010101100010101100100100000100011000011101010
1010011101001001011101010110001010110010010000010001100001110101
0101001110100100101010101011000101011001010000010001100001110101
1010100111010010010010101011000101011001001000001000110000111010
1010100111010010010101010101100010101100100100000100011000011101
