111101111011100000100110100000111101101111101110001000000101101110010001101111111100001001010011001001100110000110101101110111000101011111110011011000011101110111110011111011100
111110111101110000010011010000011110110111110111000100000010110111001000110111111110000100101101100100110011000011010110111011100010101111111001101100001110111011111001111101110
111111011110111000001001101000001111011011111011100010000001011011100100011011111111000010010110110010011001100001101011011101110001010111111100110110000111011101111100111110111
111111101111011100000100110100000111101101111101110001000000101101110010001101111111100001001011011001001100110000110101101110111000101011111110011011000011101110111110011111011
111111110111101110000010011010000011110110111110111000100000010110111001000110111111110000100101101100100110011000011010110111011100010101111111001101100001110111011111001111101
111111111011110111000001001101000001111011011111011100010000001011011100100011011111111000010110110110010011001100001101011011101110001010111111100110110000111011101111100111110
111111111101111011100000100110100000111101101111101110001000000101101110010001101111111100001111011011001001100110000110101101110111000101011111110011011000011101110111110011111
011111111110111101110000010011010000011110110111110111000100000010110111001000110111111110000011101101100100110011000011010110111011100010101111111001101100001110111011111001111
001111111111011110111000001001101000001111011011111011100010000001011011100100011011111111000101110110110010011001100001101011011101110001010111111100110110000111011101111100111
000111111111101111011100000100110100000111101101111101110001000000101101110010001101111111100010111011011001001100110000110101101110111000101011111110011011000011101110111110011
100011111111110111101110000010011010000011110110111110111000100000010110111001000110111111110101011101101100100110011000011010110111011100010101111111001101100001110111011111001
010001111111111011110111000001001101000001111011011111011100010000001011011100100011011111111010101110110110010011001100001101011011101110001010111111100110110000111011101111100
101000111111111101111011100000100110100000111101101111101110001000000101101110010001101111111101010111011011001001100110000110101101110111000101011111110011011000011101110111110
110100011111111110111101110000010011010000011110110111110111000100000010110111001000110111111010101011101101100100110011000011010110111011100010101111111001101100001110111011111
011010001111111111011110111000001001101000001111011011111011100010000001011011100100011011111101010101110110110010011001100001101011011101110001010111111100110110000111011101111
001101000111111111101111011100000100110100000111101101111101110001000000101101110010001101111110101010111011011001001100110000110101101110111000101011111110011011000011101110111
100110100011111111110111101110000010011010000011110110111110111000100000010110111001000110111011010101011101101100100110011000011010110111011100010101111111001101100001110111011
010011010001111111111011110111000001001101000001111011011111011100010000001011011100100011011001101010101110110110010011001100001101011011101110001010111111100110110000111011101
101001101000111111111101111011100000100110100000111101101111101110001000000101101110010001101000110101010111011011001001100110000110101101110111000101011111110011011000011101110
110100110100011111111110111101110000010011010000011110110111110111000100000010110111001000110000011010101011101101100100110011000011010110111011100010101111111001101100001110111
111010011010001111111111011110111000001001101000001111011011111011100010000001011011100100011100001101010101110110110010011001100001101011011101110001010111111100110110000111011
111101001101000111111111101111011100000100110100000111101101111101110001000000101101110010001010000110101010111011011001001100110000110101101110111000101011111110011011000011101
111110100110100011111111110111101110000010011010000011110110111110111000100000010110111001000001000011010101011101101100100110011000011010110111011100010101111111001101100001110
111111010011010001111111111011110111000001001101000001111011011111011100010000001011011100100000100001101010101110110110010011001100001101011011101110001010111111100110110000111
011111101001101000111111111101111011100000100110100000111101101111101110001000000101101110010100010000110101010111011011001001100110000110101101110111000101011111110011011000011
101111110100110100011111111110111101110000010011010000011110110111110111000100000010110111001010001000011010101011101101100100110011000011010110111011100010101111111001101100001
010111111010011010001111111111011110111000001001101000001111011011111011100010000001011011100101000100001101010101110110110010011001100001101011011101110001010111111100110110000
001011111101001101000111111111101111011100000100110100000111101101111101110001000000101101110110100010000110101010111011011001001100110000110101101110111000101011111110011011000
000101111110100110100011111111110111101110000010011010000011110110111110111000100000010110111111010001000011010101011101101100100110011000011010110111011100010101111111001101100
000010111111010011010001111111111011110111000001001101000001111011011111011100010000001011011111101000100001101010101110110110010011001100001101011011101110001010111111100110110
000001011111101001101000111111111101111011100000100110100000111101101111101110001000000101101011110100010000110101010111011011001001100110000110101101110111000101011111110011011
100000101111110100110100011111111110111101110000010011010000011110110111110111000100000010110001111010001000011010101011101101100100110011000011010110111011100010101111111001101
110000010111111010011010001111111111011110111000001001101000001111011011111011100010000001011000111101000100001101010101110110110010011001100001101011011101110001010111111100110
111000001011111101001101000111111111101111011100000100110100000111101101111101110001000000101100011110100010000110101010111011011001001100110000110101101110111000101011111110011
011100000101111110100110100011111111110111101110000010011010000011110110111110111000100000010110001111010001000011010101011101101100100110011000011010110111011100010101111111001
101110000010111111010011010001111111111011110111000001001101000001111011011111011100010000001011000111101000100001101010101110110110010011001100001101011011101110001010111111100
110111000001011111101001101000111111111101111011100000100110100000111101101111101110001000000101100011110100010000110101010111011011001001100110000110101101110111000101011111110
111011100000101111110100110100011111111110111101110000010011010000011110110111110111000100000110110001111010001000011010101011101101100100110011000011010110111011100010101111111
011101110000010111111010011010001111111111011110111000001001101000001111011011111011100010000111011000111101000100001101010101110110110010011001100001101011011101110001010111111
001110111000001011111101001101000111111111101111011100000100110100000111101101111101110001000011101100011110100010000110101010111011011001001100110000110101101110111000101011111
000111011100000101111110100110100011111111110111101110000010011010000011110110111110111000100101110110001111010001000011010101011101101100100110011000011010110111011100010101111
100011101110000010111111010011010001111111111011110111000001001101000001111011011111011100010010111011000111101000100001101010101110110110010011001100001101011011101110001010111
110001110111000001011111101001101000111111111101111011100000100110100000111101101111101110001001011101100011110100010000110101010111011011001001100110000110101101110111000101011
011000111011100000101111110100110100011111111110111101110000010011010000011110110111110111000100101110110001111010001000011010101011101101100100110011000011010110111011100010101
101100011101110000010111111010011010001111111111011110111000001001101000001111011011111011100110010111011000111101000100001101010101110110110010011001100001101011011101110001010
010110001110111000001011111101001101000111111111101111011100000100110100000111101101111101110111001011101100011110100010000110101010111011011001001100110000110101101110111000101
001011000111011100000101111110100110100011111111110111101110000010011010000011110110111110111011100101110110001111010001000011010101011101101100100110011000011010110111011100010
100101100011101110000010111111010011010001111111111011110111000001001101000001111011011111011101110010111011000111101000100001101010101110110110010011001100001101011011101110001
110010110001110111000001011111101001101000111111111101111011100000100110100000111101101111101110111001011101100011110100010000110101010111011011001001100110000110101101110111000
011001011000111011100000101111110100110100011111111110111101110000010011010000011110110111110111011100101110110001111010001000011010101011101101100100110011000011010110111011100
101100101100011101110000010111111010011010001111111111011110111000001001101000001111011011111011101110010111011000111101000100001101010101110110110010011001100001101011011101110
110110010110001110111000001011111101001101000111111111101111011100000100110100000111101101111101110111001011101100011110100010000110101010111011011001001100110000110101101110111
011011001011000111011100000101111110100110100011111111110111101110000010011010000011110110111110111011100101110110001111010001000011010101011101101100100110011000011010110111011
101101100101100011101110000010111111010011010001111111111011110111000001001101000001111011011011011101110010111011000111101000100001101010101110110110010011001100001101011011101
110110110010110001110111000001011111101001101000111111111101111011100000100110100000111101101101101110111001011101100011110100010000110101010111011011001001100110000110101101110
111011011001011000111011100000101111110100110100011111111110111101110000010011010000011110110110110111011100101110110001111010001000011010101011101101100100110011000011010110111
111101101100101100011101110000010111111010011010001111111111011110111000001001101000001111011011011011101110010111011000111101000100001101010101110110110010011001100001101011011
111110110110010110001110111000001011111101001101000111111111101111011100000100110100000111101001101101110111001011101100011110100010000110101010111011011001001100110000110101101
011111011011001011000111011100000101111110100110100011111111110111101110000010011010000011110000110110111011100101110110001111010001000011010101011101101100100110011000011010110
001111101101100101100011101110000010111111010011010001111111111011110111000001001101000001111100011011011101110010111011000111101000100001101010101110110110010011001100001101011
000111110110110010110001110111000001011111101001101000111111111101111011100000100110100000111010001101101110111001011101100011110100010000110101010111011011001001100110000110101
100011111011011001011000111011100000101111110100110100011111111110111101110000010011010000011101000110110111011100101110110001111010001000011010101011101101100100110011000011010
110001111101101100101100011101110000010111111010011010001111111111011110111000001001101000001110100011011011101110010111011000111101000100001101010101110110110010011001100001101
011000111110110110010110001110111000001011111101001101000111111111101111011100000100110100000011010001101101110111001011101100011110100010000110101010111011011001001100110000110
101100011111011011001011000111011100000101111110100110100011111111110111101110000010011010000101101000110110111011100101110110001111010001000011010101011101101100100110011000011
110110001111101101100101100011101110000010111111010011010001111111111011110111000001001101000010110100011011011101110010111011000111101000100001101010101110110110010011001100001
011011000111110110110010110001110111000001011111101001101000111111111101111011100000100110100001011010001101101110111001011101100011110100010000110101010111011011001001100110000
001101100011111011011001011000111011100000101111110100110100011111111110111101110000010011010100101101000110110111011100101110110001111010001000011010101011101101100100110011000
000110110001111101101100101100011101110000010111111010011010001111111111011110111000001001101110010110100011011011101110010111011000111101000100001101010101110110110010011001100
100011011000111110110110010110001110111000001011111101001101000111111111101111011100000100110111001011010001101101110111001011101100011110100010000110101010111011011001001100110
110001101100011111011011001011000111011100000101111110100110100011111111110111101110000010011111100101101000110110111011100101110110001111010001000011010101011101101100100110011
111000110110001111101101100101100011101110000010111111010011010001111111111011110111000001001011110010110100011011011101110010111011000111101000100001101010101110110110010011001
011100011011000111110110110010110001110111000001011111101001101000111111111101111011100000100001111001011010001101101110111001011101100011110100010000110101010111011011001001100
001110001101100011111011011001011000111011100000101111110100110100011111111110111101110000010100111100101101000110110111011100101110110001111010001000011010101011101101100100110
100111000110110001111101101100101100011101110000010111111010011010001111111111011110111000001010011110010110100011011011101110010111011000111101000100001101010101110110110010011
110011100011011000111110110110010110001110111000001011111101001101000111111111101111011100000101001111001011010001101101110111001011101100011110100010000110101010111011011001001
111001110001101100011111011011001011000111011100000101111110100110100011111111110111101110000010100111100101101000110110111011100101110110001111010001000011010101011101101100100
111100111000110110001111101101100101100011101110000010111111010011010001111111111011110111000101010011110010110100011011011101110010111011000111101000100001101010101110110110010
011110011100011011000111110110110010110001110111000001011111101001101000111111111101111011100110101001111001011010001101101110111001011101100011110100010000110101010111011011001
101111001110001101100011111011011001011000111011100000101111110100110100011111111110111101110011010100111100101101000110110111011100101110110001111010001000011010101011101101100
010111100111000110110001111101101100101100011101110000010111111010011010001111111111011110111001101010011110010110100011011011101110010111011000111101000100001101010101110110110
101011110011100011011000111110110110010110001110111000001011111101001101000111111111101111011000110101001111001011010001101101110111001011101100011110100010000110101010111011011
010101111001110001101100011111011011001011000111011100000101111110100110100011111111110111101100011010100111100101101000110110111011100101110110001111010001000011010101011101101
001010111100111000110110001111101101100101100011101110000010111111010011010001111111111011110010001101010011110010110100011011011101110010111011000111101000100001101010101110110
000101011110011100011011000111110110110010110001110111000001011111101001101000111111111101111101000110101001111001011010001101101110111001011101100011110100010000110101010111011
000010101111001110001101100011111011011001011000111011100000101111110100110100011111111110111110100011010100111100101101000110110111011100101110110001111010001000011010101011101
100001010111100111000110110001111101101100101100011101110000010111111010011010001111111111011011010001101010011110010110100011011011101110010111011000111101000100001101010101110
010000101011110011100011011000111110110110010110001110111000001011111101001101000111111111101001101000110101001111001011010001101101110111001011101100011110100010000110101010111
101000010101111001110001101100011111011011001011000111011100000101111110100110100011111111110100110100011010100111100101101000110110111011100101110110001111010001000011010101011
110100001010111100111000110110001111101101100101100011101110000010111111010011010001111111111010011010001101010011110010110100011011011101110010111011000111101000100001101010101
011010000101011110011100011011000111110110110010110001110111000001011111101001101000111111111101001101000110101001111001011010001101101110111001011101100011110100010000110101010
101101000010101111001110001101100011111011011001011000111011100000101111110100110100011111111110100110100011010100111100101101000110110111011100101110110001111010001000011010101
010110100001010111100111000110110001111101101100101100011101110000010111111010011010001111111111010011010001101010011110010110100011011011101110010111011000111101000100001101010
101011010000101011110011100011011000111110110110010110001110111000001011111101001101000111111111101001101000110101001111001011010001101101110111001011101100011110100010000110101
010101101000010101111001110001101100011111011011001011000111011100000101111110100110100011111011110100110100011010100111100101101000110110111011100101110110001111010001000011010
101010110100001010111100111000110110001111101101100101100011101110000010111111010011010001111001111010011010001101010011110010110100011011011101110010111011000111101000100001101
010101011010000101011110011100011011000111110110110010110001110111000001011111101001101000111000111101001101000110101001111001011010001101101110111001011101100011110100010000110
001010101101000010101111001110001101100011111011011001011000111011100000101111110100110100011100011110100110100011010100111100101101000110110111011100101110110001111010001000011
000101010110100001010111100111000110110001111101101100101100011101110000010111111010011010001110001111010011010001101010011110010110100011011011101110010111011000111101000100001
100010101011010000101011110011100011011000111110110110010110001110111000001011111101001101000011000111101001101000110101001111001011010001101101110111001011101100011110100010000
