001100100001110001101001010100000111011000110001000101000011100011110100001111110011010110001001000001011100001110011111111010000011100010001100000111010101110110111011110100111
000110010000111000110100101010000011101100011000100010100001110001111010000111111001101011000000100000101110000111001111111101000001110001000110000011101010111011011101111010011
100011001000011100011010010101000001110110001100010001010000111000111101000011111100110101100000010000010111000011100111111110100000111000100011000001110101011101101110111101001
110001100100001110001101001010100000111011000110001000101000011100011110100001111110011010110100001000001011100001110011111111010000011100010001100000111010101110110111011110100
111000110010000111000110100101010000011101100011000100010100001110001111010000111111001101011010000100000101110000111001111111101000001110001000110000011101010111011011101111010
011100011001000011100011010010101000001110110001100010001010000111000111101000011111100110101001000010000010111000011100111111110100000111000100011000001110101011101101110111101
001110001100100001110001101001010100000111011000110001000101000011100011110100001111110011010000100001000001011100001110011111111010000011100010001100000111010101110110111011110
000111000110010000111000110100101010000011101100011000100010100001110001111010000111111001101000010000100000101110000111001111111101000001110001000110000011101010111011011101111
000011100011001000011100011010010101000001110110001100010001010000111000111101000011111100110100001000010000010111000011100111111110100000111000100011000001110101011101101110111
000001110001100100001110001101001010100000111011000110001000101000011100011110100001111110011010000100001000001011100001110011111111010000011100010001100000111010101110110111011
000000111000110010000111000110100101010000011101100011000100010100001110001111010000111111001101000010000100000101110000111001111111101000001110001000110000011101010111011011101
100000011100011001000011100011010010101000001110110001100010001010000111000111101000011111100010100001000010000010111000011100111111110100000111000100011000001110101011101101110
110000001110001100100001110001101001010100000111011000110001000101000011100011110100001111110101010000100001000001011100001110011111111010000011100010001100000111010101110110111
111000000111000110010000111000110100101010000011101100011000100010100001110001111010000111111010101000010000100000101110000111001111111101000001110001000110000011101010111011011
011100000011100011001000011100011010010101000001110110001100010001010000111000111101000011111101010100001000010000010111000011100111111110100000111000100011000001110101011101101
001110000001110001100100001110001101001010100000111011000110001000101000011100011110100001111010101010000100001000001011100001110011111111010000011100010001100000111010101110110
000111000000111000110010000111000110100101010000011101100011000100010100001110001111010000111101010101000010000100000101110000111001111111101000001110001000110000011101010111011
100011100000011100011001000011100011010010101000001110110001100010001010000111000111101000011010101010100001000010000010111000011100111111110100000111000100011000001110101011101
010001110000001110001100100001110001101001010100000111011000110001000101000011100011110100001001010101010000100001000001011100001110011111111010000011100010001100000111010101110
101000111000000111000110010000111000110100101010000011101100011000100010100001110001111010000000101010101000010000100000101110000111001111111101000001110001000110000011101010111
010100011100000011100011001000011100011010010101000001110110001100010001010000111000111101000100010101010100001000010000010111000011100111111110100000111000100011000001110101011
001010001110000001110001100100001110001101001010100000111011000110001000101000011100011110100010001010101010000100001000001011100001110011111111010000011100010001100000111010101
100101000111000000111000110010000111000110100101010000011101100011000100010100001110001111010101000101010101000010000100000101110000111001111111101000001110001000110000011101010
010010100011100000011100011001000011100011010010101000001110110001100010001010000111000111101010100010101010100001000010000010111000011100111111110100000111000100011000001110101
101001010001110000001110001100100001110001101001010100000111011000110001000101000011100011110101010001010101010000100001000001011100001110011111111010000011100010001100000111010
010100101000111000000111000110010000111000110100101010000011101100011000100010100001110001111110101000101010101000010000100000101110000111001111111101000001110001000110000011101
101010010100011100000011100011001000011100011010010101000001110110001100010001010000111000111011010100010101010100001000010000010111000011100111111110100000111000100011000001110
010101001010001110000001110001100100001110001101001010100000111011000110001000101000011100011001101010001010101010000100001000001011100001110011111111010000011100010001100000111
001010100101000111000000111000110010000111000110100101010000011101100011000100010100001110001000110101000101010101000010000100000101110000111001111111101000001110001000110000011
100101010010100011100000011100011001000011100011010010101000001110110001100010001010000111000000011010100010101010100001000010000010111000011100111111110100000111000100011000001
010010101001010001110000001110001100100001110001101001010100000111011000110001000101000011100100001101010001010101010000100001000001011100001110011111111010000011100010001100000
001001010100101000111000000111000110010000111000110100101010000011101100011000100010100001110010000110101000101010101000010000100000101110000111001111111101000001110001000110000
000100101010010100011100000011100011001000011100011010010101000001110110001100010001010000111001000011010100010101010100001000010000010111000011100111111110100000111000100011000
000010010101001010001110000001110001100100001110001101001010100000111011000110001000101000011100100001101010001010101010000100001000001011100001110011111111010000011100010001100
100001001010100101000111000000111000110010000111000110100101010000011101100011000100010100001110010000110101000101010101000010000100000101110000111001111111101000001110001000110
010000100101010010100011100000011100011001000011100011010010101000001110110001100010001010000011001000011010100010101010100001000010000010111000011100111111110100000111000100011
001000010010101001010001110000001110001100100001110001101001010100000111011000110001000101000001100100001101010001010101010000100001000001011100001110011111111010000011100010001
100100001001010100101000111000000111000110010000111000110100101010000011101100011000100010100000110010000110101000101010101000010000100000101110000111001111111101000001110001000
110010000100101010010100011100000011100011001000011100011010010101000001110110001100010001010000011001000011010100010101010100001000010000010111000011100111111110100000111000100
011001000010010101001010001110000001110001100100001110001101001010100000111011000110001000101000001100100001101010001010101010000100001000001011100001110011111111010000011100010
101100100001001010100101000111000000111000110010000111000110100101010000011101100011000100010000000110010000110101000101010101000010000100000101110000111001111111101000001110001
010110010000100101010010100011100000011100011001000011100011010010101000001110110001100010001000000011001000011010100010101010100001000010000010111000011100111111110100000111000
001011001000010010101001010001110000001110001100100001110001101001010100000111011000110001000100000001100100001101010001010101010000100001000001011100001110011111111010000011100
100101100100001001010100101000111000000111000110010000111000110100101010000011101100011000100110000000110010000110101000101010101000010000100000101110000111001111111101000001110
110010110010000100101010010100011100000011100011001000011100011010010101000001110110001100010011000000011001000011010100010101010100001000010000010111000011100111111110100000111
111001011001000010010101001010001110000001110001100100001110001101001010100000111011000110001001100000001100100001101010001010101010000100001000001011100001110011111111010000011
111100101100100001001010100101000111000000111000110010000111000110100101010000011101100011000000110000000110010000110101000101010101000010000100000101110000111001111111101000001
011110010110010000100101010010100011100000011100011001000011100011010010101000001110110001100100011000000011001000011010100010101010100001000010000010111000011100111111110100000
001111001011001000010010101001010001110000001110001100100001110001101001010100000111011000110110001100000001100100001101010001010101010000100001000001011100001110011111111010000
100111100101100100001001010100101000111000000111000110010000111000110100101010000011101100011111000110000000110010000110101000101010101000010000100000101110000111001111111101000
110011110010110010000100101010010100011100000011100011001000011100011010010101000001110110001011100011000000011001000011010100010101010100001000010000010111000011100111111110100
011001111001011001000010010101001010001110000001110001100100001110001101001010100000111011000001110001100000001100100001101010001010101010000100001000001011100001110011111111010
001100111100101100100001001010100101000111000000111000110010000111000110100101010000011101100100111000110000000110010000110101000101010101000010000100000101110000111001111111101
100110011110010110010000100101010010100011100000011100011001000011100011010010101000001110110010011100011000000011001000011010100010101010100001000010000010111000011100111111110
110011001111001011001000010010101001010001110000001110001100100001110001101001010100000111011101001110001100000001100100001101010001010101010000100001000001011100001110011111111
011001100111100101100100001001010100101000111000000111000110010000111000110100101010000011101110100111000110000000110010000110101000101010101000010000100000101110000111001111111
101100110011110010110010000100101010010100011100000011100011001000011100011010010101000001110011010011100011000000011001000011010100010101010100001000010000010111000011100111111
010110011001111001011001000010010101001010001110000001110001100100001110001101001010100000111101101001110001100000001100100001101010001010101010000100001000001011100001110011111
001011001100111100101100100001001010100101000111000000111000110010000111000110100101010000011010110100111000110000000110010000110101000101010101000010000100000101110000111001111
100101100110011110010110010000100101010010100011100000011100011001000011100011010010101000001001011010011100011000000011001000011010100010101010100001000010000010111000011100111
010010110011001111001011001000010010101001010001110000001110001100100001110001101001010100000100101101001110001100000001100100001101010001010101010000100001000001011100001110011
001001011001100111100101100100001001010100101000111000000111000110010000111000110100101010000110010110100111000110000000110010000110101000101010101000010000100000101110000111001
100100101100110011110010110010000100101010010100011100000011100011001000011100011010010101000011001011010011100011000000011001000011010100010101010100001000010000010111000011100
110010010110011001111001011001000010010101001010001110000001110001100100001110001101001010100101100101101001110001100000001100100001101010001010101010000100001000001011100001110
111001001011001100111100101100100001001010100101000111000000111000110010000111000110100101010110110010110100111000110000000110010000110101000101010101000010000100000101110000111
011100100101100110011110010110010000100101010010100011100000011100011001000011100011010010101011011001011010011100011000000011001000011010100010101010100001000010000010111000011
001110010010110011001111001011001000010010101001010001110000001110001100100001110001101001010001101100101101001110001100000001100100001101010001010101010000100001000001011100001
100111001001011001100111100101100100001001010100101000111000000111000110010000111000110100101100110110010110100111000110000000110010000110101000101010101000010000100000101110000
010011100100101100110011110010110010000100101010010100011100000011100011001000011100011010010110011011001011010011100011000000011001000011010100010101010100001000010000010111000
001001110010010110011001111001011001000010010101001010001110000001110001100100001110001101001111001101100101101001110001100000001100100001101010001010101010000100001000001011100
000100111001001011001100111100101100100001001010100101000111000000111000110010000111000110100111100110110010110100111000110000000110010000110101000101010101000010000100000101110
000010011100100101100110011110010110010000100101010010100011100000011100011001000011100011010011110011011001011010011100011000000011001000011010100010101010100001000010000010111
000001001110010010110011001111001011001000010010101001010001110000001110001100100001110001101001111001101100101101001110001100000001100100001101010001010101010000100001000001011
000000100111001001011001100111100101100100001001010100101000111000000111000110010000111000110100111100110110010110100111000110000000110010000110101000101010101000010000100000101
100000010011100100101100110011110010110010000100101010010100011100000011100011001000011100011110011110011011001011010011100011000000011001000011010100010101010100001000010000010
010000001001110010010110011001111001011001000010010101001010001110000001110001100100001110001111001111001101100101101001110001100000001100100001101010001010101010000100001000001
101000000100111001001011001100111100101100100001001010100101000111000000111000110010000111000011100111100110110010110100111000110000000110010000110101000101010101000010000100000
110100000010011100100101100110011110010110010000100101010010100011100000011100011001000011100101110011110011011001011010011100011000000011001000011010100010101010100001000010000
011010000001001110010010110011001111001011001000010010101001010001110000001110001100100001110110111001111001101100101101001110001100000001100100001101010001010101010000100001000
101101000000100111001001011001100111100101100100001001010100101000111000000111000110010000111011011100111100110110010110100111000110000000110010000110101000101010101000010000100
110110100000010011100100101100110011110010110010000100101010010100011100000011100011001000011001101110011110011011001011010011100011000000011001000011010100010101010100001000010
011011010000001001110010010110011001111001011001000010010101001010001110000001110001100100001000110111001111001101100101101001110001100000001100100001101010001010101010000100001
001101101000000100111001001011001100111100101100100001001010100101000111000000111000110010000100011011100111100110110010110100111000110000000110010000110101000101010101000010000
100110110100000010011100100101100110011110010110010000100101010010100011100000011100011001000110001101110011110011011001011010011100011000000011001000011010100010101010100001000
010011011010000001001110010010110011001111001011001000010010101001010001110000001110001100100011000110111001111001101100101101001110001100000001100100001101010001010101010000100
101001101101000000100111001001011001100111100101100100001001010100101000111000000111000110010101100011011100111100110110010110100111000110000000110010000110101000101010101000010
110100110110100000010011100100101100110011110010110010000100101010010100011100000011100011001110110001101110011110011011001011010011100011000000011001000011010100010101010100001
111010011011010000001001110010010110011001111001011001000010010101001010001110000001110001100111011000110111001111001101100101101001110001100000001100100001101010001010101010000
111101001101101000000100111001001011001100111100101100100001001010100101000111000000111000110011101100011011100111100110110010110100111000110000000110010000110101000101010101000
111110100110110100000010011100100101100110011110010110010000100101010010100011100000011100011101110110001101110011110011011001011010011100011000000011001000011010100010101010100
011111010011011010000001001110010010110011001111001011001000010010101001010001110000001110001110111011000110111001111001101100101101001110001100000001100100001101010001010101010
001111101001101101000000100111001001011001100111100101100100001001010100101000111000000111000111011101100011011100111100110110010110100111000110000000110010000110101000101010101
100111110100110110100000010011100100101100110011110010110010000100101010010100011100000011100011101110110001101110011110011011001011010011100011000000011001000011010100010101010
010011111010011011010000001001110010010110011001111001011001000010010101001010001110000001110001110111011000110111001111001101100101101001110001100000001100100001101010001010101
001001111101001101101000000100111001001011001100111100101100100001001010100101000111000000111000111011101100011011100111100110110010110100111000110000000110010000110101000101010
100100111110100110110100000010011100100101100110011110010110010000100101010010100011100000011100011101110110001101110011110011011001011010011100011000000011001000011010100010101
110010011111010011011010000001001110010010110011001111001011001000010010101001010001110000001110001110111011000110111001111001101100101101001110001100000001100100001101010001010
011001001111101001101101000000100111001001011001100111100101100100001001010100101000111000000111000111011101100011011100111100110110010110100111000110000000110010000110101000101
001100100111110100110110100000010011100100101100110011110010110010000100101010010100011100000111100011101110110001101110011110011011001011010011100011000000011001000011010100010
100110010011111010011011010000001001110010010110011001111001011001000010010101001010001110000011110001110111011000110111001111001101100101101001110001100000001100100001101010001
110011001001111101001101101000000100111001001011001100111100101100100001001010100101000111000001111000111011101100011011100111100110110010110100111000110000000110010000110101000
011001100100111110100110110100000010011100100101100110011110010110010000100101010010100011100000111100011101110110001101110011110011011001011010011100011000000011001000011010100
101100110010011111010011011010000001001110010010110011001111001011001000010010101001010001110100011110001110111011000110111001111001101100101101001110001100000001100100001101010
010110011001001111101001101101000000100111001001011001100111100101100100001001010100101000111110001111000111011101100011011100111100110110010110100111000110000000110010000110101
101011001100100111110100110110100000010011100100101100110011110010110010000100101010010100011111000111100011101110110001101110011110011011001011010011100011000000011001000011010
010101100110010011111010011011010000001001110010010110011001111001011001000010010101001010001111100011110001110111011000110111001111001101100101101001110001100000001100100001101
001010110011001001111101001101101000000100111001001011001100111100101100100001001010100101000011110001111000111011101100011011100111100110110010110100111000110000000110010000110
000101011001100100111110100110110100000010011100100101100110011110010110010000100101010010100001111000111100011101110110001101110011110011011001011010011100011000000011001000011
100010101100110010011111010011011010000001001110010010110011001111001011001000010010101001010100111100011110001110111011000110111001111001101100101101001110001100000001100100001
010001010110011001001111101001101101000000100111001001011001100111100101100100001001010100101110011110001111000111011101100011011100111100110110010110100111000110000000110010000
001000101011001100100111110100110110100000010011100100101100110011110010110010000100101010010011001111000111100011101110110001101110011110011011001011010011100011000000011001000
100100010101100110010011111010011011010000001001110010010110011001111001011001000010010101001001100111100011110001110111011000110111001111001101100101101001110001100000001100100
010010001010110011001001111101001101101000000100111001001011001100111100101100100001001010100100110011110001111000111011101100011011100111100110110010110100111000110000000110010
101001000101011001100100111110100110110100000010011100100101100110011110010110010000100101010010011001111000111100011101110110001101110011110011011001011010011100011000000011001
010100100010101100110010011111010011011010000001001110010010110011001111001011001000010010101001001100111100011110001110111011000110111001111001101100101101001110001100000001100
101010010001010110011001001111101001101101000000100111001001011001100111100101100100001001010000100110011110001111000111011101100011011100111100110110010110100111000110000000110
010101001000101011001100100111110100110110100000010011100100101100110011110010110010000100101100010011001111000111100011101110110001101110011110011011001011010011100011000000011
001010100100010101100110010011111010011011010000001001110010010110011001111001011001000010010110001001100111100011110001110111011000110111001111001101100101101001110001100000001
100101010010001010110011001001111101001101101000000100111001001011001100111100101100100001001011000100110011110001111000111011101100011011100111100110110010110100111000110000000
110010101001000101011001100100111110100110110100000010011100100101100110011110010110010000100001100010011001111000111100011101110110001101110011110011011001011010011100011000000
011001010100100010101100110010011111010011011010000001001110010010110011001111001011001000010000110001001100111100011110001110111011000110111001111001101100101101001110001100000
101100101010010001010110011001001111101001101101000000100111001001011001100111100101100100001100011000100110011110001111000111011101100011011100111100110110010110100111000110000
110110010101001000101011001100100111110100110110100000010011100100101100110011110010110010000010001100010011001111000111100011101110110001101110011110011011001011010011100011000
011011001010100100010101100110010011111010011011010000001001110010010110011001111001011001000001000110001001100111100011110001110111011000110111001111001101100101101001110001100
101101100101010010001010110011001001111101001101101000000100111001001011001100111100101100100000100011000100110011110001111000111011101100011011100111100110110010110100111000110
010110110010101001000101011001100100111110100110110100000010011100100101100110011110010110010000010001100010011001111000111100011101110110001101110011110011011001011010011100011
001011011001010100100010101100110010011111010011011010000001001110010010110011001111001011001100001000110001001100111100011110001110111011000110111001111001101100101101001110001
100101101100101010010001010110011001001111101001101101000000100111001001011001100111100101100010000100011000100110011110001111000111011101100011011100111100110110010110100111000
110010110110010101001000101011001100100111110100110110100000010011100100101100110011110010110101000010001100010011001111000111100011101110110001101110011110011011001011010011100
111001011011001010100100010101100110010011111010011011010000001001110010010110011001111001011010100001000110001001100111100011110001110111011000110111001111001101100101101001110
011100101101100101010010001010110011001001111101001101101000000100111001001011001100111100101101010000100011000100110011110001111000111011101100011011100111100110110010110100111
101110010110110010101001000101011001100100111110100110110100000010011100100101100110011110010110101000010001100010011001111000111100011101110110001101110011110011011001011010011
110111001011011001010100100010101100110010011111010011011010000001001110010010110011001111001111010100001000110001001100111100011110001110111011000110111001111001101100101101001
111011100101101100101010010001010110011001001111101001101101000000100111001001011001100111100111101010000100011000100110011110001111000111011101100011011100111100110110010110100
011101110010110110010101001000101011001100100111110100110110100000010011100100101100110011110011110101000010001100010011001111000111100011101110110001101110011110011011001011010
001110111001011011001010100100010101100110010011111010011011010000001001110010010110011001111001111010100001000110001001100111100011110001110111011000110111001111001101100101101
100111011100101101100101010010001010110011001001111101001101101000000100111001001011001100111000111101010000100011000100110011110001111000111011101100011011100111100110110010110
010011101110010110110010101001000101011001100100111110100110110100000010011100100101100110011000011110101000010001100010011001111000111100011101110110001101110011110011011001011
001001110111001011011001010100100010101100110010011111010011011010000001001110010010110011001000001111010100001000110001001100111100011110001110111011000110111001111001101100101
000100111011100101101100101010010001010110011001001111101001101101000000100111001001011001100000000111101010000100011000100110011110001111000111011101100011011100111100110110010
000010011101110010110110010101001000101011001100100111110100110110100000010011100100101100110100000011110101000010001100010011001111000111100011101110110001101110011110011011001
100001001110111001011011001010100100010101100110010011111010011011010000001001110010010110011010000001111010100001000110001001100111100011110001110111011000110111001111001101100
110000100111011100101101100101010010001010110011001001111101001101101000000100111001001011001101000000111101010000100011000100110011110001111000111011101100011011100111100110110
111000010011101110010110110010101001000101011001100100111110100110110100000010011100100101100010100000011110101000010001100010011001111000111100011101110110001101110011110011011
011100001001110111001011011001010100100010101100110010011111010011011010000001001110010010110001010000001111010100001000110001001100111100011110001110111011000110111001111001101
001110000100111011100101101100101010010001010110011001001111101001101101000000100111001001011100101000000111101010000100011000100110011110001111000111011101100011011100111100110
100111000010011101110010110110010101001000101011001100100111110100110110100000010011100100101110010100000011110101000010001100010011001111000111100011101110110001101110011110011
010011100001001110111001011011001010100100010101100110010011111010011011010000001001110010010011001010000001111010100001000110001001100111100011110001110111011000110111001111001
001001110000100111011100101101100101010010001010110011001001111101001101101000000100111001001101100101000000111101010000100011000100110011110001111000111011101100011011100111100
100100111000010011101110010110110010101001000101011001100100111110100110110100000010011100100010110010100000011110101000010001100010011001111000111100011101110110001101110011110
110010011100001001110111001011011001010100100010101100110010011111010011011010000001001110010001011001010000001111010100001000110001001100111100011110001110111011000110111001111
111001001110000100111011100101101100101010010001010110011001001111101001101101000000100111001000101100101000000111101010000100011000100110011110001111000111011101100011011100111
011100100111000010011101110010110110010101001000101011001100100111110100110110100000010011100100010110010100000011110101000010001100010011001111000111100011101110110001101110011
101110010011100001001110111001011011001010100100010101100110010011111010011011010000001001110010001011001010000001111010100001000110001001100111100011110001110111011000110111001
110111001001110000100111011100101101100101010010001010110011001001111101001101101000000100111001000101100101000000111101010000100011000100110011110001111000111011101100011011100
011011100100111000010011101110010110110010101001000101011001100100111110100110110100000010011000100010110010100000011110101000010001100010011001111000111100011101110110001101110
101101110010011100001001110111001011011001010100100010101100110010011111010011011010000001001000010001011001010000001111010100001000110001001100111100011110001110111011000110111
110110111001001110000100111011100101101100101010010001010110011001001111101001101101000000100100001000101100101000000111101010000100011000100110011110001111000111011101100011011
111011011100100111000010011101110010110110010101001000101011001100100111110100110110100000010110000100010110010100000011110101000010001100010011001111000111100011101110110001101
011101101110010011100001001110111001011011001010100100010101100110010011111010011011010000001011000010001011001010000001111010100001000110001001100111100011110001110111011000110
001110110111001001110000100111011100101101100101010010001010110011001001111101001101101000000001100001000101100101000000111101010000100011000100110011110001111000111011101100011
000111011011100100111000010011101110010110110010101001000101011001100100111110100110110100000000110000100010110010100000011110101000010001100010011001111000111100011101110110001
100011101101110010011100001001110111001011011001010100100010101100110010011111010011011010000100011000010001011001010000001111010100001000110001001100111100011110001110111011000
010001110110111001001110000100111011100101101100101010010001010110011001001111101001101101000110001100001000101100101000000111101010000100011000100110011110001111000111011101100
001000111011011100100111000010011101110010110110010101001000101011001100100111110100110110100111000110000100010110010100000011110101000010001100010011001111000111100011101110110
100100011101101110010011100001001110111001011011001010100100010101100110010011111010011011010011100011000010001011001010000001111010100001000110001001100111100011110001110111011
010010001110110111001001110000100111011100101101100101010010001010110011001001111101001101101101110001100001000101100101000000111101010000100011000100110011110001111000111011101
001001000111011011100100111000010011101110010110110010101001000101011001100100111110100110110010111000110000100010110010100000011110101000010001100010011001111000111100011101110
000100100011101101110010011100001001110111001011011001010100100010101100110010011111010011011101011100011000010001011001010000001111010100001000110001001100111100011110001110111
100010010001110110111001001110000100111011100101101100101010010001010110011001001111101001101010101110001100001000101100101000000111101010000100011000100110011110001111000111011
110001001000111011011100100111000010011101110010110110010101001000101011001100100111110100110001010111000110000100010110010100000011110101000010001100010011001111000111100011101
111000100100011101101110010011100001001110111001011011001010100100010101100110010011111010011100101011100011000010001011001010000001111010100001000110001001100111100011110001110
011100010010001110110111001001110000100111011100101101100101010010001010110011001001111101001110010101110001100001000101100101000000111101010000100011000100110011110001111000111
001110001001000111011011100100111000010011101110010110110010101001000101011001100100111110100011001010111000110000100010110010100000011110101000010001100010011001111000111100011
000111000100100011101101110010011100001001110111001011011001010100100010101100110010011111010001100101011100011000010001011001010000001111010100001000110001001100111100011110001
100011100010010001110110111001001110000100111011100101101100101010010001010110011001001111101100110010101110001100001000101100101000000111101010000100011000100110011110001111000
010001110001001000111011011100100111000010011101110010110110010101001000101011001100100111110010011001010111000110000100010110010100000011110101000010001100010011001111000111100
001000111000100100011101101110010011100001001110111001011011001010100100010101100110010011111001001100101011100011000010001011001010000001111010100001000110001001100111100011110
000100011100010010001110110111001001110000100111011100101101100101010010001010110011001001111000100110010101110001100001000101100101000000111101010000100011000100110011110001111
000010001110001001000111011011100100111000010011101110010110110010101001000101011001100100111100010011001010111000110000100010110010100000011110101000010001100010011001111000111
100001000111000100100011101101110010011100001001110111001011011001010100100010101100110010011110001001100101011100011000010001011001010000001111010100001000110001001100111100011
010000100011100010010001110110111001001110000100111011100101101100101010010001010110011001001111000100110010101110001100001000101100101000000111101010000100011000100110011110001
001000010001110001001000111011011100100111000010011101110010110110010101001000101011001100100011100010011001010111000110000100010110010100000011110101000010001100010011001111000
000100001000111000100100011101101110010011100001001110111001011011001010100100010101100110010101110001001100101011100011000010001011001010000001111010100001000110001001100111100
100010000100011100010010001110110111001001110000100111011100101101100101010010001010110011001110111000100110010101110001100001000101100101000000111101010000100011000100110011110
010001000010001110001001000111011011100100111000010011101110010110110010101001000101011001100011011100010011001010111000110000100010110010100000011110101000010001100010011001111
101000100001000111000100100011101101110010011100001001110111001011011001010100100010101100110101101110001001100101011100011000010001011001010000001111010100001000110001001100111
110100010000100011100010010001110110111001001110000100111011100101101100101010010001010110011110110111000100110010101110001100001000101100101000000111101010000100011000100110011
011010001000010001110001001000111011011100100111000010011101110010110110010101001000101011001011011011100010011001010111000110000100010110010100000011110101000010001100010011001
101101000100001000111000100100011101101110010011100001001110111001011011001010100100010101100101101101110001001100101011100011000010001011001010000001111010100001000110001001100
010110100010000100011100010010001110110111001001110000100111011100101101100101010010001010110010110110111000100110010101110001100001000101100101000000111101010000100011000100110
001011010001000010001110001001000111011011100100111000010011101110010110110010101001000101011101011011011100010011001010111000110000100010110010100000011110101000010001100010011
100101101000100001000111000100100011101101110010011100001001110111001011011001010100100010101110101101101110001001100101011100011000010001011001010000001111010100001000110001001
010010110100010000100011100010010001110110111001001110000100111011100101101100101010010001010011010110110111000100110010101110001100001000101100101000000111101010000100011000100
001001011010001000010001110001001000111011011100100111000010011101110010110110010101001000101001101011011011100010011001010111000110000100010110010100000011110101000010001100010
100100101101000100001000111000100100011101101110010011100001001110111001011011001010100100010100110101101101110001001100101011100011000010001011001010000001111010100001000110001
010010010110100010000100011100010010001110110111001001110000100111011100101101100101010010001010011010110110111000100110010101110001100001000101100101000000111101010000100011000
001001001011010001000010001110001001000111011011100100111000010011101110010110110010101001000001001101011011011100010011001010111000110000100010110010100000011110101000010001100
100100100101101000100001000111000100100011101101110010011100001001110111001011011001010100100100100110101101101110001001100101011100011000010001011001010000001111010100001000110
010010010010110100010000100011100010010001110110111001001110000100111011100101101100101010010010010011010110110111000100110010101110001100001000101100101000000111101010000100011
