110011101011001010001011111101101101101100001000001000110110000010101100010110100100010010101011110101011011101000101001000010001110011100011101010111111111000011000100111000011
111001110101100101000101111110110110110110000100000100011011000001010110001011010010001001010001111010101101110100010100100001000111001110001110101011111111100001100010011100001
011100111010110010100010111111011011011011000010000010001101100000101011000101101001000100101000111101010110111010001010010000100011100111000111010101111111110000110001001110000
101110011101011001010001011111101101101101100001000001000110110000010101100010110100100010010000011110101011011101000101001000010001110011100011101010111111111000011000100111000
010111001110101100101000101111110110110110110000100000100011011000001010110001011010010001001000001111010101101110100010100100001000111001110001110101011111111100001100010011100
101011100111010110010100010111111011011011011000010000010001101100000101011000101101001000100100000111101010110111010001010010000100011100111000111010101111111110000110001001110
110101110011101011001010001011111101101101101100001000001000110110000010101100010110100100010110000011110101011011101000101001000010001110011100011101010111111111000011000100111
111010111001110101100101000101111110110110110110000100000100011011000001010110001011010010001011000001111010101101110100010100100001000111001110001110101011111111100001100010011
011101011100111010110010100010111111011011011011000010000010001101100000101011000101101001000001100000111101010110111010001010010000100011100111000111010101111111110000110001001
001110101110011101011001010001011111101101101101100001000001000110110000010101100010110100100100110000011110101011011101000101001000010001110011100011101010111111111000011000100
100111010111001110101100101000101111110110110110110000100000100011011000001010110001011010010110011000001111010101101110100010100100001000111001110001110101011111111100001100010
010011101011100111010110010100010111111011011011011000010000010001101100000101011000101101001011001100000111101010110111010001010010000100011100111000111010101111111110000110001
101001110101110011101011001010001011111101101101101100001000001000110110000010101100010110100001100110000011110101011011101000101001000010001110011100011101010111111111000011000
110100111010111001110101100101000101111110110110110110000100000100011011000001010110001011010000110011000001111010101101110100010100100001000111001110001110101011111111100001100
011010011101011100111010110010100010111111011011011011000010000010001101100000101011000101101000011001100000111101010110111010001010010000100011100111000111010101111111110000110
101101001110101110011101011001010001011111101101101101100001000001000110110000010101100010110100001100110000011110101011011101000101001000010001110011100011101010111111111000011
110110100111010111001110101100101000101111110110110110110000100000100011011000001010110001011110000110011000001111010101101110100010100100001000111001110001110101011111111100001
011011010011101011100111010110010100010111111011011011011000010000010001101100000101011000101011000011001100000111101010110111010001010010000100011100111000111010101111111110000
001101101001110101110011101011001010001011111101101101101100001000001000110110000010101100010001100001100110000011110101011011101000101001000010001110011100011101010111111111000
000110110100111010111001110101100101000101111110110110110110000100000100011011000001010110001100110000110011000001111010101101110100010100100001000111001110001110101011111111100
000011011010011101011100111010110010100010111111011011011011000010000010001101100000101011000010011000011001100000111101010110111010001010010000100011100111000111010101111111110
000001101101001110101110011101011001010001011111101101101101100001000001000110110000010101100101001100001100110000011110101011011101000101001000010001110011100011101010111111111
100000110110100111010111001110101100101000101111110110110110110000100000100011011000001010110010100110000110011000001111010101101110100010100100001000111001110001110101011111111
110000011011010011101011100111010110010100010111111011011011011000010000010001101100000101011001010011000011001100000111101010110111010001010010000100011100111000111010101111111
011000001101101001110101110011101011001010001011111101101101101100001000001000110110000010101000101001100001100110000011110101011011101000101001000010001110011100011101010111111
101100000110110100111010111001110101100101000101111110110110110110000100000100011011000001010100010100110000110011000001111010101101110100010100100001000111001110001110101011111
010110000011011010011101011100111010110010100010111111011011011011000010000010001101100000101110001010011000011001100000111101010110111010001010010000100011100111000111010101111
101011000001101101001110101110011101011001010001011111101101101101100001000001000110110000010011000101001100001100110000011110101011011101000101001000010001110011100011101010111
110101100000110110100111010111001110101100101000101111110110110110110000100000100011011000001001100010100110000110011000001111010101101110100010100100001000111001110001110101011
011010110000011011010011101011100111010110010100010111111011011011011000010000010001101100000100110001010011000011001100000111101010110111010001010010000100011100111000111010101
001101011000001101101001110101110011101011001010001011111101101101101100001000001000110110000010011000101001100001100110000011110101011011101000101001000010001110011100011101010
100110101100000110110100111010111001110101100101000101111110110110110110000100000100011011000001001100010100110000110011000001111010101101110100010100100001000111001110001110101
010011010110000011011010011101011100111010110010100010111111011011011011000010000010001101100100100110001010011000011001100000111101010110111010001010010000100011100111000111010
001001101011000001101101001110101110011101011001010001011111101101101101100001000001000110110110010011000101001100001100110000011110101011011101000101001000010001110011100011101
100100110101100000110110100111010111001110101100101000101111110110110110110000100000100011011011001001100010100110000110011000001111010101101110100010100100001000111001110001110
110010011010110000011011010011101011100111010110010100010111111011011011011000010000010001101101100100110001010011000011001100000111101010110111010001010010000100011100111000111
111001001101011000001101101001110101110011101011001010001011111101101101101100001000001000110110110010011000101001100001100110000011110101011011101000101001000010001110011100011
011100100110101100000110110100111010111001110101100101000101111110110110110110000100000100011111011001001100010100110000110011000001111010101101110100010100100001000111001110001
001110010011010110000011011010011101011100111010110010100010111111011011011011000010000010001011101100100110001010011000011001100000111101010110111010001010010000100011100111000
100111001001101011000001101101001110101110011101011001010001011111101101101101100001000001000001110110010011000101001100001100110000011110101011011101000101001000010001110011100
110011100100110101100000110110100111010111001110101100101000101111110110110110110000100000100100111011001001100010100110000110011000001111010101101110100010100100001000111001110
111001110010011010110000011011010011101011100111010110010100010111111011011011011000010000010010011101100100110001010011000011001100000111101010110111010001010010000100011100111
111100111001001101011000001101101001110101110011101011001010001011111101101101101100001000001001001110110010011000101001100001100110000011110101011011101000101001000010001110011
111110011100100110101100000110110100111010111001110101100101000101111110110110110110000100000100100111011001001100010100110000110011000001111010101101110100010100100001000111001
011111001110010011010110000011011010011101011100111010110010100010111111011011011011000010000110010011101100100110001010011000011001100000111101010110111010001010010000100011100
101111100111001001101011000001101101001110101110011101011001010001011111101101101101100001000011001001110110010011000101001100001100110000011110101011011101000101001000010001110
110111110011100100110101100000110110100111010111001110101100101000101111110110110110110000100101100100111011001001100010100110000110011000001111010101101110100010100100001000111
111011111001110010011010110000011011010011101011100111010110010100010111111011011011011000010110110010011101100100110001010011000011001100000111101010110111010001010010000100011
011101111100111001001101011000001101101001110101110011101011001010001011111101101101101100001011011001001110110010011000101001100001100110000011110101011011101000101001000010001
001110111110011100100110101100000110110100111010111001110101100101000101111110110110110110000101101100100111011001001100010100110000110011000001111010101101110100010100100001000
000111011111001110010011010110000011011010011101011100111010110010100010111111011011011011000110110110010011101100100110001010011000011001100000111101010110111010001010010000100
000011101111100111001001101011000001101101001110101110011101011001010001011111101101101101100011011011001001110110010011000101001100001100110000011110101011011101000101001000010
100001110111110011100100110101100000110110100111010111001110101100101000101111110110110110110001101101100100111011001001100010100110000110011000001111010101101110100010100100001
010000111011111001110010011010110000011011010011101011100111010110010100010111111011011011011100110110110010011101100100110001010011000011001100000111101010110111010001010010000
101000011101111100111001001101011000001101101001110101110011101011001010001011111101101101101110011011011001001110110010011000101001100001100110000011110101011011101000101001000
010100001110111110011100100110101100000110110100111010111001110101100101000101111110110110110111001101101100100111011001001100010100110000110011000001111010101101110100010100100
101010000111011111001110010011010110000011011010011101011100111010110010100010111111011011011011100110110110010011101100100110001010011000011001100000111101010110111010001010010
010101000011101111100111001001101011000001101101001110101110011101011001010001011111101101101001110011011011001001110110010011000101001100001100110000011110101011011101000101001
101010100001110111110011100100110101100000110110100111010111001110101100101000101111110110110000111001101101100100111011001001100010100110000110011000001111010101101110100010100
010101010000111011111001110010011010110000011011010011101011100111010110010100010111111011011100011100110110110010011101100100110001010011000011001100000111101010110111010001010
001010101000011101111100111001001101011000001101101001110101110011101011001010001011111101101010001110011011011001001110110010011000101001100001100110000011110101011011101000101
100101010100001110111110011100100110101100000110110100111010111001110101100101000101111110110101000111001101101100100111011001001100010100110000110011000001111010101101110100010
010010101010000111011111001110010011010110000011011010011101011100111010110010100010111111011010100011100110110110010011101100100110001010011000011001100000111101010110111010001
101001010101000011101111100111001001101011000001101101001110101110011101011001010001011111101001010001110011011011001001110110010011000101001100001100110000011110101011011101000
110100101010100001110111110011100100110101100000110110100111010111001110101100101000101111110000101000111001101101100100111011001001100010100110000110011000001111010101101110100
011010010101010000111011111001110010011010110000011011010011101011100111010110010100010111111100010100011100110110110010011101100100110001010011000011001100000111101010110111010
101101001010101000011101111100111001001101011000001101101001110101110011101011001010001011111110001010001110011011011001001110110010011000101001100001100110000011110101011011101
010110100101010100001110111110011100100110101100000110110100111010111001110101100101000101111011000101000111001101101100100111011001001100010100110000110011000001111010101101110
101011010010101010000111011111001110010011010110000011011010011101011100111010110010100010111101100010100011100110110110010011101100100110001010011000011001100000111101010110111
110101101001010101000011101111100111001001101011000001101101001110101110011101011001010001011110110001010001110011011011001001110110010011000101001100001100110000011110101011011
011010110100101010100001110111110011100100110101100000110110100111010111001110101100101000101011011000101000111001101101100100111011001001100010100110000110011000001111010101101
101101011010010101010000111011111001110010011010110000011011010011101011100111010110010100010001101100010100011100110110110010011101100100110001010011000011001100000111101010110
010110101101001010101000011101111100111001001101011000001101101001110101110011101011001010001000110110001010001110011011011001001110110010011000101001100001100110000011110101011
101011010110100101010100001110111110011100100110101100000110110100111010111001110101100101000000011011000101000111001101101100100111011001001100010100110000110011000001111010101
110101101011010010101010000111011111001110010011010110000011011010011101011100111010110010100100001101100010100011100110110110010011101100100110001010011000011001100000111101010
011010110101101001010101000011101111100111001001101011000001101101001110101110011101011001010110000110110001010001110011011011001001110110010011000101001100001100110000011110101
001101011010110100101010100001110111110011100100110101100000110110100111010111001110101100101011000011011000101000111001101101100100111011001001100010100110000110011000001111010
000110101101011010010101010000111011111001110010011010110000011011010011101011100111010110010001100001101100010100011100110110110010011101100100110001010011000011001100000111101
000011010110101101001010101000011101111100111001001101011000001101101001110101110011101011001100110000110110001010001110011011011001001110110010011000101001100001100110000011110
100001101011010110100101010100001110111110011100100110101100000110110100111010111001110101100010011000011011000101000111001101101100100111011001001100010100110000110011000001111
010000110101101011010010101010000111011111001110010011010110000011011010011101011100111010110001001100001101100010100011100110110110010011101100100110001010011000011001100000111
101000011010110101101001010101000011101111100111001001101011000001101101001110101110011101011000100110000110110001010001110011011011001001110110010011000101001100001100110000011
010100001101011010110100101010100001110111110011100100110101100000110110100111010111001110101000010011000011011000101000111001101101100100111011001001100010100110000110011000001
101010000110101101011010010101010000111011111001110010011010110000011011010011101011100111010000001001100001101100010100011100110110110010011101100100110001010011000011001100000
010101000011010110101101001010101000011101111100111001001101011000001101101001110101110011101100000100110000110110001010001110011011011001001110110010011000101001100001100110000
001010100001101011010110100101010100001110111110011100100110101100000110110100111010111001110110000010011000011011000101000111001101101100100111011001001100010100110000110011000
000101010000110101101011010010101010000111011111001110010011010110000011011010011101011100111111000001001100001101100010100011100110110110010011101100100110001010011000011001100
000010101000011010110101101001010101000011101111100111001001101011000001101101001110101110011111100000100110000110110001010001110011011011001001110110010011000101001100001100110
000001010100001101011010110100101010100001110111110011100100110101100000110110100111010111001111110000010011000011011000101000111001101101100100111011001001100010100110000110011
100000101010000110101101011010010101010000111011111001110010011010110000011011010011101011100011111000001001100001101100010100011100110110110010011101100100110001010011000011001
010000010101000011010110101101001010101000011101111100111001001101011000001101101001110101110001111100000100110000110110001010001110011011011001001110110010011000101001100001100
101000001010100001101011010110100101010100001110111110011100100110101100000110110100111010111000111110000010011000011011000101000111001101101100100111011001001100010100110000110
010100000101010000110101101011010010101010000111011111001110010011010110000011011010011101011000011111000001001100001101100010100011100110110110010011101100100110001010011000011
101010000010101000011010110101101001010101000011101111100111001001101011000001101101001110101100001111100000100110000110110001010001110011011011001001110110010011000101001100001
110101000001010100001101011010110100101010100001110111110011100100110101100000110110100111010110000111110000010011000011011000101000111001101101100100111011001001100010100110000
111010100000101010000110101101011010010101010000111011111001110010011010110000011011010011101011000011111000001001100001101100010100011100110110110010011101100100110001010011000
111101010000010101000011010110101101001010101000011101111100111001001101011000001101101001110101100001111100000100110000110110001010001110011011011001001110110010011000101001100
111110101000001010100001101011010110100101010100001110111110011100100110101100000110110100111110110000111110000010011000011011000101000111001101101100100111011001001100010100110
011111010100000101010000110101101011010010101010000111011111001110010011010110000011011010011011011000011111000001001100001101100010100011100110110110010011101100100110001010011
101111101010000010101000011010110101101001010101000011101111100111001001101011000001101101001001101100001111100000100110000110110001010001110011011011001001110110010011000101001
010111110101000001010100001101011010110100101010100001110111110011100100110101100000110110100000110110000111110000010011000011011000101000111001101101100100111011001001100010100
101011111010100000101010000110101101011010010101010000111011111001110010011010110000011011010100011011000011111000001001100001101100010100011100110110110010011101100100110001010
110101111101010000010101000011010110101101001010101000011101111100111001001101011000001101101110001101100001111100000100110000110110001010001110011011011001001110110010011000101
011010111110101000001010100001101011010110100101010100001110111110011100100110101100000110110011000110110000111110000010011000011011000101000111001101101100100111011001001100010
001101011111010100000101010000110101101011010010101010000111011111001110010011010110000011011001100011011000011111000001001100001101100010100011100110110110010011101100100110001
100110101111101010000010101000011010110101101001010101000011101111100111001001101011000001101000110001101100001111100000100110000110110001010001110011011011001001110110010011000
110011010111110101000001010100001101011010110100101010100001110111110011100100110101100000110000011000110110000111110000010011000011011000101000111001101101100100111011001001100
011001101011111010100000101010000110101101011010010101010000111011111001110010011010110000011100001100011011000011111000001001100001101100010100011100110110110010011101100100110
001100110101111101010000010101000011010110101101001010101000011101111100111001001101011000001010000110001101100001111100000100110000110110001010001110011011011001001110110010011
100110011010111110101000001010100001101011010110100101010100001110111110011100100110101100000001000011000110110000111110000010011000011011000101000111001101101100100111011001001
010011001101011111010100000101010000110101101011010010101010000111011111001110010011010110000100100001100011011000011111000001001100001101100010100011100110110110010011101100100
101001100110101111101010000010101000011010110101101001010101000011101111100111001001101011000010010000110001101100001111100000100110000110110001010001110011011011001001110110010
010100110011010111110101000001010100001101011010110100101010100001110111110011100100110101100101001000011000110110000111110000010011000011011000101000111001101101100100111011001
001010011001101011111010100000101010000110101101011010010101010000111011111001110010011010110010100100001100011011000011111000001001100001101100010100011100110110110010011101100
100101001100110101111101010000010101000011010110101101001010101000011101111100111001001101011001010010000110001101100001111100000100110000110110001010001110011011011001001110110
110010100110011010111110101000001010100001101011010110100101010100001110111110011100100110101000101001000011000110110000111110000010011000011011000101000111001101101100100111011
111001010011001101011111010100000101010000110101101011010010101010000111011111001110010011010100010100100001100011011000011111000001001100001101100010100011100110110110010011101
111100101001100110101111101010000010101000011010110101101001010101000011101111100111001001101010001010010000110001101100001111100000100110000110110001010001110011011011001001110
011110010100110011010111110101000001010100001101011010110100101010100001110111110011100100110101000101001000011000110110000111110000010011000011011000101000111001101101100100111
101111001010011001101011111010100000101010000110101101011010010101010000111011111001110010011110100010100100001100011011000011111000001001100001101100010100011100110110110010011
110111100101001100110101111101010000010101000011010110101101001010101000011101111100111001001011010001010010000110001101100001111100000100110000110110001010001110011011011001001
011011110010100110011010111110101000001010100001101011010110100101010100001110111110011100100001101000101001000011000110110000111110000010011000011011000101000111001101101100100
101101111001010011001101011111010100000101010000110101101011010010101010000111011111001110010000110100010100100001100011011000011111000001001100001101100010100011100110110110010
010110111100101001100110101111101010000010101000011010110101101001010101000011101111100111001000011010001010010000110001101100001111100000100110000110110001010001110011011011001
001011011110010100110011010111110101000001010100001101011010110100101010100001110111110011100100001101000101001000011000110110000111110000010011000011011000101000111001101101100
100101101111001010011001101011111010100000101010000110101101011010010101010000111011111001110110000110100010100100001100011011000011111000001001100001101100010100011100110110110
110010110111100101001100110101111101010000010101000011010110101101001010101000011101111100111111000011010001010010000110001101100001111100000100110000110110001010001110011011011
011001011011110010100110011010111110101000001010100001101011010110100101010100001110111110011011100001101000101001000011000110110000111110000010011000011011000101000111001101101
001100101101111001010011001101011111010100000101010000110101101011010010101010000111011111001001110000110100010100100001100011011000011111000001001100001101100010100011100110110
100110010110111100101001100110101111101010000010101000011010110101101001010101000011101111100000111000011010001010010000110001101100001111100000100110000110110001010001110011011
110011001011011110010100110011010111110101000001010100001101011010110100101010100001110111110100011100001101000101001000011000110110000111110000010011000011011000101000111001101
111001100101101111001010011001101011111010100000101010000110101101011010010101010000111011111010001110000110100010100100001100011011000011111000001001100001101100010100011100110
011100110010110111100101001100110101111101010000010101000011010110101101001010101000011101111001000111000011010001010010000110001101100001111100000100110000110110001010001110011
001110011001011011110010100110011010111110101000001010100001101011010110100101010100001110111100100011100001101000101001000011000110110000111110000010011000011011000101000111001
000111001100101101111001010011001101011111010100000101010000110101101011010010101010000111011110010001110000110100010100100001100011011000011111000001001100001101100010100011100
000011100110010110111100101001100110101111101010000010101000011010110101101001010101000011101011001000111000011010001010010000110001101100001111100000100110000110110001010001110
100001110011001011011110010100110011010111110101000001010100001101011010110100101010100001110101100100011100001101000101001000011000110110000111110000010011000011011000101000111
010000111001100101101111001010011001101011111010100000101010000110101101011010010101010000111110110010001110000110100010100100001100011011000011111000001001100001101100010100011
101000011100110010110111100101001100110101111101010000010101000011010110101101001010101000011011011001000111000011010001010010000110001101100001111100000100110000110110001010001
110100001110011001011011110010100110011010111110101000001010100001101011010110100101010100001101101100100011100001101000101001000011000110110000111110000010011000011011000101000
111010000111001100101101111001010011001101011111010100000101010000110101101011010010101010000010110110010001110000110100010100100001100011011000011111000001001100001101100010100
011101000011100110010110111100101001100110101111101010000010101000011010110101101001010101000001011011001000111000011010001010010000110001101100001111100000100110000110110001010
101110100001110011001011011110010100110011010111110101000001010100001101011010110100101010100000101101100100011100001101000101001000011000110110000111110000010011000011011000101
110111010000111001100101101111001010011001101011111010100000101010000110101101011010010101010100010110110010001110000110100010100100001100011011000011111000001001100001101100010
111011101000011100110010110111100101001100110101111101010000010101000011010110101101001010101110001011011001000111000011010001010010000110001101100001111100000100110000110110001
111101110100001110011001011011110010100110011010111110101000001010100001101011010110100101010011000101101100100011100001101000101001000011000110110000111110000010011000011011000
011110111010000111001100101101111001010011001101011111010100000101010000110101101011010010101101100010110110010001110000110100010100100001100011011000011111000001001100001101100
101111011101000011100110010110111100101001100110101111101010000010101000011010110101101001010110110001011011001000111000011010001010010000110001101100001111100000100110000110110
010111101110100001110011001011011110010100110011010111110101000001010100001101011010110100101011011000101101100100011100001101000101001000011000110110000111110000010011000011011
101011110111010000111001100101101111001010011001101011111010100000101010000110101101011010010001101100010110110010001110000110100010100100001100011011000011111000001001100001101
010101111011101000011100110010110111100101001100110101111101010000010101000011010110101101001000110110001011011001000111000011010001010010000110001101100001111100000100110000110
101010111101110100001110011001011011110010100110011010111110101000001010100001101011010110100100011011000101101100100011100001101000101001000011000110110000111110000010011000011
010101011110111010000111001100101101111001010011001101011111010100000101010000110101101011010110001101100010110110010001110000110100010100100001100011011000011111000001001100001
001010101111011101000011100110010110111100101001100110101111101010000010101000011010110101101111000110110001011011001000111000011010001010010000110001101100001111100000100110000
100101010111101110100001110011001011011110010100110011010111110101000001010100001101011010110111100011011000101101100100011100001101000101001000011000110110000111110000010011000
110010101011110111010000111001100101101111001010011001101011111010100000101010000110101101011011110001101100010110110010001110000110100010100100001100011011000011111000001001100
111001010101111011101000011100110010110111100101001100110101111101010000010101000011010110101001111000110110001011011001000111000011010001010010000110001101100001111100000100110
011100101010111101110100001110011001011011110010100110011010111110101000001010100001101011010000111100011011000101101100100011100001101000101001000011000110110000111110000010011
001110010101011110111010000111001100101101111001010011001101011111010100000101010000110101101000011110001101100010110110010001110000110100010100100001100011011000011111000001001
100111001010101111011101000011100110010110111100101001100110101111101010000010101000011010110000001111000110110001011011001000111000011010001010010000110001101100001111100000100
110011100101010111101110100001110011001011011110010100110011010111110101000001010100001101011000000111100011011000101101100100011100001101000101001000011000110110000111110000010
011001110010101011110111010000111001100101101111001010011001101011111010100000101010000110101000000011110001101100010110110010001110000110100010100100001100011011000011111000001
101100111001010101111011101000011100110010110111100101001100110101111101010000010101000011010100000001111000110110001011011001000111000011010001010010000110001101100001111100000
010110011100101010111101110100001110011001011011110010100110011010111110101000001010100001101010000000111100011011000101101100100011100001101000101001000011000110110000111110000
101011001110010101011110111010000111001100101101111001010011001101011111010100000101010000110001000000011110001101100010110110010001110000110100010100100001100011011000011111000
010101100111001010101111011101000011100110010110111100101001100110101111101010000010101000011100100000001111000110110001011011001000111000011010001010010000110001101100001111100
001010110011100101010111101110100001110011001011011110010100110011010111110101000001010100001010010000000111100011011000101101100100011100001101000101001000011000110110000111110
100101011001110010101011110111010000111001100101101111001010011001101011111010100000101010000001001000000011110001101100010110110010001110000110100010100100001100011011000011111
110010101100111001010101111011101000011100110010110111100101001100110101111101010000010101000100100100000001111000110110001011011001000111000011010001010010000110001101100001111
011001010110011100101010111101110100001110011001011011110010100110011010111110101000001010100010010010000000111100011011000101101100100011100001101000101001000011000110110000111
001100101011001110010101011110111010000111001100101101111001010011001101011111010100000101010001001001000000011110001101100010110110010001110000110100010100100001100011011000011
100110010101100111001010101111011101000011100110010110111100101001100110101111101010000010101000100100100000001111000110110001011011001000111000011010001010010000110001101100001
110011001010110011100101010111101110100001110011001011011110010100110011010111110101000001010100010010010000000111100011011000101101100100011100001101000101001000011000110110000
011001100101011001110010101011110111010000111001100101101111001010011001101011111010100000101010001001001000000011110001101100010110110010001110000110100010100100001100011011000
101100110010101100111001010101111011101000011100110010110111100101001100110101111101010000010001000100100100000001111000110110001011011001000111000011010001010010000110001101100
110110011001010110011100101010111101110100001110011001011011110010100110011010111110101000001000100010010010000000111100011011000101101100100011100001101000101001000011000110110
011011001100101011001110010101011110111010000111001100101101111001010011001101011111010100000100010001001001000000011110001101100010110110010001110000110100010100100001100011011
101101100110010101100111001010101111011101000011100110010110111100101001100110101111101010000110001000100100100000001111000110110001011011001000111000011010001010010000110001101
010110110011001010110011100101010111101110100001110011001011011110010100110011010111110101000011000100010010010000000111100011011000101101100100011100001101000101001000011000110
001011011001100101011001110010101011110111010000111001100101101111001010011001101011111010100101100010001001001000000011110001101100010110110010001110000110100010100100001100011
000101101100110010101100111001010101111011101000011100110010110111100101001100110101111101010010110001000100100100000001111000110110001011011001000111000011010001010010000110001
000010110110011001010110011100101010111101110100001110011001011011110010100110011010111110101101011000100010010010000000111100011011000101101100100011100001101000101001000011000
000001011011001100101011001110010101011110111010000111001100101101111001010011001101011111010010101100010001001001000000011110001101100010110110010001110000110100010100100001100
100000101101100110010101100111001010101111011101000011100110010110111100101001100110101111101101010110001000100100100000001111000110110001011011001000111000011010001010010000110
010000010110110011001010110011100101010111101110100001110011001011011110010100110011010111110110101011000100010010010000000111100011011000101101100100011100001101000101001000011
101000001011011001100101011001110010101011110111010000111001100101101111001010011001101011111111010101100010001001001000000011110001101100010110110010001110000110100010100100001
010100000101101100110010101100111001010101111011101000011100110010110111100101001100110101111111101010110001000100100100000001111000110110001011011001000111000011010001010010000
101010000010110110011001010110011100101010111101110100001110011001011011110010100110011010111011110101011000100010010010000000111100011011000101101100100011100001101000101001000
010101000001011011001100101011001110010101011110111010000111001100101101111001010011001101011001111010101100010001001001000000011110001101100010110110010001110000110100010100100
101010100000101101100110010101100111001010101111011101000011100110010110111100101001100110101100111101010110001000100100100000001111000110110001011011001000111000011010001010010
010101010000010110110011001010110011100101010111101110100001110011001011011110010100110011010010011110101011000100010010010000000111100011011000101101100100011100001101000101001
001010101000001011011001100101011001110010101011110111010000111001100101101111001010011001101101001111010101100010001001001000000011110001101100010110110010001110000110100010100
000101010100000101101100110010101100111001010101111011101000011100110010110111100101001100110010100111101010110001000100100100000001111000110110001011011001000111000011010001010
100010101010000010110110011001010110011100101010111101110100001110011001011011110010100110011101010011110101011000100010010010000000111100011011000101101100100011100001101000101
110001010101000001011011001100101011001110010101011110111010000111001100101101111001010011001010101001111010101100010001001001000000011110001101100010110110010001110000110100010
011000101010100000101101100110010101100111001010101111011101000011100110010110111100101001100001010100111101010110001000100100100000001111000110110001011011001000111000011010001
101100010101010000010110110011001010110011100101010111101110100001110011001011011110010100110000101010011110101011000100010010010000000111100011011000101101100100011100001101000
010110001010101000001011011001100101011001110010101011110111010000111001100101101111001010011100010101001111010101100010001001001000000011110001101100010110110010001110000110100
101011000101010100000101101100110010101100111001010101111011101000011100110010110111100101001110001010100111101010110001000100100100000001111000110110001011011001000111000011010
010101100010101010000010110110011001010110011100101010111101110100001110011001011011110010100111000101010011110101011000100010010010000000111100011011000101101100100011100001101
001010110001010101000001011011001100101011001110010101011110111010000111001100101101111001010011100010101001111010101100010001001001000000011110001101100010110110010001110000110
100101011000101010100000101101100110010101100111001010101111011101000011100110010110111100101001110001010100111101010110001000100100100000001111000110110001011011001000111000011
010010101100010101010000010110110011001010110011100101010111101110100001110011001011011110010100111000101010011110101011000100010010010000000111100011011000101101100100011100001
001001010110001010101000001011011001100101011001110010101011110111010000111001100101101111001110011100010101001111010101100010001001001000000011110001101100010110110010001110000
000100101011000101010100000101101100110010101100111001010101111011101000011100110010110111100111001110001010100111101010110001000100100100000001111000110110001011011001000111000
000010010101100010101010000010110110011001010110011100101010111101110100001110011001011011110111100111000101010011110101011000100010010010000000111100011011000101101100100011100
100001001010110001010101000001011011001100101011001110010101011110111010000111001100101101111011110011100010101001111010101100010001001001000000011110001101100010110110010001110
010000100101011000101010100000101101100110010101100111001010101111011101000011100110010110111001111001110001010100111101010110001000100100100000001111000110110001011011001000111
001000010010101100010101010000010110110011001010110011100101010111101110100001110011001011011000111100111000101010011110101011000100010010010000000111100011011000101101100100011
000100001001010110001010101000001011011001100101011001110010101011110111010000111001100101101000011110011100010101001111010101100010001001001000000011110001101100010110110010001
100010000100101011000101010100000101101100110010101100111001010101111011101000011100110010110000001111001110001010100111101010110001000100100100000001111000110110001011011001000
110001000010010101100010101010000010110110011001010110011100101010111101110100001110011001011100000111100111000101010011110101011000100010010010000000111100011011000101101100100
011000100001001010110001010101000001011011001100101011001110010101011110111010000111001100101010000011110011100010101001111010101100010001001001000000011110001101100010110110010
001100010000100101011000101010100000101101100110010101100111001010101111011101000011100110010001000001111001110001010100111101010110001000100100100000001111000110110001011011001
000110001000010010101100010101010000010110110011001010110011100101010111101110100001110011001100100000111100111000101010011110101011000100010010010000000111100011011000101101100
100011000100001001010110001010101000001011011001100101011001110010101011110111010000111001100110010000011110011100010101001111010101100010001001001000000011110001101100010110110
110001100010000100101011000101010100000101101100110010101100111001010101111011101000011100110011001000001111001110001010100111101010110001000100100100000001111000110110001011011
111000110001000010010101100010101010000010110110011001010110011100101010111101110100001110011101100100000111100111000101010011110101011000100010010010000000111100011011000101101
011100011000100001001010110001010101000001011011001100101011001110010101011110111010000111001110110010000011110011100010101001111010101100010001001001000000011110001101100010110
101110001100010000100101011000101010100000101101100110010101100111001010101111011101000011100111011001000001111001110001010100111101010110001000100100100000001111000110110001011
110111000110001000010010101100010101010000010110110011001010110011100101010111101110100001110111101100100000111100111000101010011110101011000100010010010000000111100011011000101
011011100011000100001001010110001010101000001011011001100101011001110010101011110111010000111111110110010000011110011100010101001111010101100010001001001000000011110001101100010
101101110001100010000100101011000101010100000101101100110010101100111001010101111011101000011011111011001000001111001110001010100111101010110001000100100100000001111000110110001
110110111000110001000010010101100010101010000010110110011001010110011100101010111101110100001101111101100100000111100111000101010011110101011000100010010010000000111100011011000
111011011100011000100001001010110001010101000001011011001100101011001110010101011110111010000010111110110010000011110011100010101001111010101100010001001001000000011110001101100
111101101110001100010000100101011000101010100000101101100110010101100111001010101111011101000001011111011001000001111001110001010100111101010110001000100100100000001111000110110
111110110111000110001000010010101100010101010000010110110011001010110011100101010111101110100100101111101100100000111100111000101010011110101011000100010010010000000111100011011
111111011011100011000100001001010110001010101000001011011001100101011001110010101011110111010010010111110110010000011110011100010101001111010101100010001001001000000011110001101
011111101101110001100010000100101011000101010100000101101100110010101100111001010101111011101101001011111011001000001111001110001010100111101010110001000100100100000001111000110
001111110110111000110001000010010101100010101010000010110110011001010110011100101010111101110010100101111101100100000111100111000101010011110101011000100010010010000000111100011
100111111011011100011000100001001010110001010101000001011011001100101011001110010101011110111101010010111110110010000011110011100010101001111010101100010001001001000000011110001
110011111101101110001100010000100101011000101010100000101101100110010101100111001010101111011110101001011111011001000001111001110001010100111101010110001000100100100000001111000
011001111110110111000110001000010010101100010101010000010110110011001010110011100101010111101011010100101111101100100000111100111000101010011110101011000100010010010000000111100
101100111111011011100011000100001001010110001010101000001011011001100101011001110010101011110001101010010111110110010000011110011100010101001111010101100010001001001000000011110
010110011111101101110001100010000100101011000101010100000101101100110010101100111001010101111000110101001011111011001000001111001110001010100111101010110001000100100100000001111
001011001111110110111000110001000010010101100010101010000010110110011001010110011100101010111000011010100101111101100100000111100111000101010011110101011000100010010010000000111
100101100111111011011100011000100001001010110001010101000001011011001100101011001110010101011000001101010010111110110010000011110011100010101001111010101100010001001001000000011
110010110011111101101110001100010000100101011000101010100000101101100110010101100111001010101000000110101001011111011001000001111001110001010100111101010110001000100100100000001
111001011001111110110111000110001000010010101100010101010000010110110011001010110011100101010000000011010100101111101100100000111100111000101010011110101011000100010010010000000
011100101100111111011011100011000100001001010110001010101000001011011001100101011001110010101000000001101010010111110110010000011110011100010101001111010101100010001001001000000
101110010110011111101101110001100010000100101011000101010100000101101100110010101100111001010100000000110101001011111011001000001111001110001010100111101010110001000100100100000
010111001011001111110110111000110001000010010101100010101010000010110110011001010110011100101110000000011010100101111101100100000111100111000101010011110101011000100010010010000
001011100101100111111011011100011000100001001010110001010101000001011011001100101011001110010111000000001101010010111110110010000011110011100010101001111010101100010001001001000
100101110010110011111101101110001100010000100101011000101010100000101101100110010101100111001011100000000110101001011111011001000001111001110001010100111101010110001000100100100
110010111001011001111110110111000110001000010010101100010101010000010110110011001010110011100101110000000011010100101111101100100000111100111000101010011110101011000100010010010
111001011100101100111111011011100011000100001001010110001010101000001011011001100101011001110010111000000001101010010111110110010000011110011100010101001111010101100010001001001
111100101110010110011111101101110001100010000100101011000101010100000101101100110010101100111001011100000000110101001011111011001000001111001110001010100111101010110001000100100
011110010111001011001111110110111000110001000010010101100010101010000010110110011001010110011000101110000000011010100101111101100100000111100111000101010011110101011000100010010
101111001011100101100111111011011100011000100001001010110001010101000001011011001100101011001100010111000000001101010010111110110010000011110011100010101001111010101100010001001
110111100101110010110011111101101110001100010000100101011000101010100000101101100110010101100010001011100000000110101001011111011001000001111001110001010100111101010110001000100
111011110010111001011001111110110111000110001000010010101100010101010000010110110011001010110101000101110000000011010100101111101100100000111100111000101010011110101011000100010
011101111001011100101100111111011011100011000100001001010110001010101000001011011001100101011010100010111000000001101010010111110110010000011110011100010101001111010101100010001
101110111100101110010110011111101101110001100010000100101011000101010100000101101100110010101101010001011100000000110101001011111011001000001111001110001010100111101010110001000
110111011110010111001011001111110110111000110001000010010101100010101010000010110110011001010010101000101110000000011010100101111101100100000111100111000101010011110101011000100
011011101111001011100101100111111011011100011000100001001010110001010101000001011011001100101101010100010111000000001101010010111110110010000011110011100010101001111010101100010
101101110111100101110010110011111101101110001100010000100101011000101010100000101101100110010110101010001011100000000110101001011111011001000001111001110001010100111101010110001
010110111011110010111001011001111110110111000110001000010010101100010101010000010110110011001011010101000101110000000011010100101111101100100000111100111000101010011110101011000
001011011101111001011100101100111111011011100011000100001001010110001010101000001011011001100001101010100010111000000001101010010111110110010000011110011100010101001111010101100
000101101110111100101110010110011111101101110001100010000100101011000101010100000101101100110000110101010001011100000000110101001011111011001000001111001110001010100111101010110
100010110111011110010111001011001111110110111000110001000010010101100010101010000010110110011100011010101000101110000000011010100101111101100100000111100111000101010011110101011
010001011011101111001011100101100111111011011100011000100001001010110001010101000001011011001010001101010100010111000000001101010010111110110010000011110011100010101001111010101
101000101101110111100101110010110011111101101110001100010000100101011000101010100000101101100001000110101010001011100000000110101001011111011001000001111001110001010100111101010
010100010110111011110010111001011001111110110111000110001000010010101100010101010000010110110000100011010101000101110000000011010100101111101100100000111100111000101010011110101
001010001011011101111001011100101100111111011011100011000100001001010110001010101000001011011000010001101010100010111000000001101010010111110110010000011110011100010101001111010
000101000101101110111100101110010110011111101101110001100010000100101011000101010100000101101100001000110101010001011100000000110101001011111011001000001111001110001010100111101
000010100010110111011110010111001011001111110110111000110001000010010101100010101010000010110110000100011010101000101110000000011010100101111101100100000111100111000101010011110
000001010001011011101111001011100101100111111011011100011000100001001010110001010101000001011111000010001101010100010111000000001101010010111110110010000011110011100010101001111
000000101000101101110111100101110010110011111101101110001100010000100101011000101010100000101111100001000110101010001011100000000110101001011111011001000001111001110001010100111
100000010100010110111011110010111001011001111110110111000110001000010010101100010101010000010111110000100011010101000101110000000011010100101111101100100000111100111000101010011
110000001010001011011101111001011100101100111111011011100011000100001001010110001010101000001111111000010001101010100010111000000001101010010111110110010000011110011100010101001
011000000101000101101110111100101110010110011111101101110001100010000100101011000101010100000111111100001000110101010001011100000000110101001011111011001000001111001110001010100
101100000010100010110111011110010111001011001111110110111000110001000010010101100010101010000111111110000100011010101000101110000000011010100101111101100100000111100111000101010
110110000001010001011011101111001011100101100111111011011100011000100001001010110001010101000111111111000010001101010100010111000000001101010010111110110010000011110011100010101
011011000000101000101101110111100101110010110011111101101110001100010000100101011000101010100011111111100001000110101010001011100000000110101001011111011001000001111001110001010
101101100000010100010110111011110010111001011001111110110111000110001000010010101100010101010001111111110000100011010101000101110000000011010100101111101100100000111100111000101
010110110000001010001011011101111001011100101100111111011011100011000100001001010110001010101100111111111000010001101010100010111000000001101010010111110110010000011110011100010
001011011000000101000101101110111100101110010110011111101101110001100010000100101011000101010110011111111100001000110101010001011100000000110101001011111011001000001111001110001
100101101100000010100010110111011110010111001011001111110110111000110001000010010101100010101011001111111110000100011010101000101110000000011010100101111101100100000111100111000
010010110110000001010001011011101111001011100101100111111011011100011000100001001010110001010101100111111111000010001101010100010111000000001101010010111110110010000011110011100
101001011011000000101000101101110111100101110010110011111101101110001100010000100101011000101010110011111111100001000110101010001011100000000110101001011111011001000001111001110
110100101101100000010100010110111011110010111001011001111110110111000110001000010010101100010001011001111111110000100011010101000101110000000011010100101111101100100000111100111
011010010110110000001010001011011101111001011100101100111111011011100011000100001001010110001000101100111111111000010001101010100010111000000001101010010111110110010000011110011
101101001011011000000101000101101110111100101110010110011111101101110001100010000100101011000100010110011111111100001000110101010001011100000000110101001011111011001000001111001
010110100101101100000010100010110111011110010111001011001111110110111000110001000010010101100010001011001111111110000100011010101000101110000000011010100101111101100100000111100
001011010010110110000001010001011011101111001011100101100111111011011100011000100001001010110001000101100111111111000010001101010100010111000000001101010010111110110010000011110
000101101001011011000000101000101101110111100101110010110011111101101110001100010000100101011000100010110011111111100001000110101010001011100000000110101001011111011001000001111
000010110100101101100000010100010110111011110010111001011001111110110111000110001000010010101000010001011001111111110000100011010101000101110000000011010100101111101100100000111
100001011010010110110000001010001011011101111001011100101100111111011011100011000100001001010100001000101100111111111000010001101010100010111000000001101010010111110110010000011
110000101101001011011000000101000101101110111100101110010110011111101101110001100010000100101110000100010110011111111100001000110101010001011100000000110101001011111011001000001
111000010110100101101100000010100010110111011110010111001011001111110110111000110001000010010111000010001011001111111110000100011010101000101110000000011010100101111101100100000
111100001011010010110110000001010001011011101111001011100101100111111011011100011000100001001111100001000101100111111111000010001101010100010111000000001101010010111110110010000
111110000101101001011011000000101000101101110111100101110010110011111101101110001100010000100011110000100010110011111111100001000110101010001011100000000110101001011111011001000
011111000010110100101101100000010100010110111011110010111001011001111110110111000110001000010001111000010001011001111111110000100011010101000101110000000011010100101111101100100
101111100001011010010110110000001010001011011101111001011100101100111111011011100011000100001000111100001000101100111111111000010001101010100010111000000001101010010111110110010
110111110000101101001011011000000101000101101110111100101110010110011111101101110001100010000100011110000100010110011111111100001000110101010001011100000000110101001011111011001
111011111000010110100101101100000010100010110111011110010111001011001111110110111000110001000110001111000010001011001111111110000100011010101000101110000000011010100101111101100
111101111100001011010010110110000001010001011011101111001011100101100111111011011100011000100011000111100001000101100111111111000010001101010100010111000000001101010010111110110
011110111110000101101001011011000000101000101101110111100101110010110011111101101110001100010001100011110000100010110011111111100001000110101010001011100000000110101001011111011
101111011111000010110100101101100000010100010110111011110010111001011001111110110111000110001100110001111000010001011001111111110000100011010101000101110000000011010100101111101
110111101111100001011010010110110000001010001011011101111001011100101100111111011011100011000110011000111100001000101100111111111000010001101010100010111000000001101010010111110
111011110111110000101101001011011000000101000101101110111100101110010110011111101101110001100011001100011110000100010110011111111100001000110101010001011100000000110101001011111
011101111011111000010110100101101100000010100010110111011110010111001011001111110110111000110101100110001111000010001011001111111110000100011010101000101110000000011010100101111
101110111101111100001011010010110110000001010001011011101111001011100101100111111011011100011010110011000111100001000101100111111111000010001101010100010111000000001101010010111
010111011110111110000101101001011011000000101000101101110111100101110010110011111101101110001001011001100011110000100010110011111111100001000110101010001011100000000110101001011
101011101111011111000010110100101101100000010100010110111011110010111001011001111110110111000100101100110001111000010001011001111111110000100011010101000101110000000011010100101
010101110111101111100001011010010110110000001010001011011101111001011100101100111111011011100010010110011000111100001000101100111111111000010001101010100010111000000001101010010
101010111011110111110000101101001011011000000101000101101110111100101110010110011111101101110001001011001100011110000100010110011111111100001000110101010001011100000000110101001
010101011101111011111000010110100101101100000010100010110111011110010111001011001111110110111100100101100110001111000010001011001111111110000100011010101000101110000000011010100
001010101110111101111100001011010010110110000001010001011011101111001011100101100111111011011110010010110011000111100001000101100111111111000010001101010100010111000000001101010
000101010111011110111110000101101001011011000000101000101101110111100101110010110011111101101111001001011001100011110000100010110011111111100001000110101010001011100000000110101
000010101011101111011111000010110100101101100000010100010110111011110010111001011001111110110011100100101100110001111000010001011001111111110000100011010101000101110000000011010
100001010101110111101111100001011010010110110000001010001011011101111001011100101100111111011001110010010110011000111100001000101100111111111000010001101010100010111000000001101
010000101010111011110111110000101101001011011000000101000101101110111100101110010110011111101000111001001011001100011110000100010110011111111100001000110101010001011100000000110
101000010101011101111011111000010110100101101100000010100010110111011110010111001011001111110100011100100101100110001111000010001011001111111110000100011010101000101110000000011
010100001010101110111101111100001011010010110110000001010001011011101111001011100101100111111010001110010010110011000111100001000101100111111111000010001101010100010111000000001
001010000101010111011110111110000101101001011011000000101000101101110111100101110010110011111101000111001001011001100011110000100010110011111111100001000110101010001011100000000
000101000010101011101111011111000010110100101101100000010100010110111011110010111001011001111110100011100100101100110001111000010001011001111111110000100011010101000101110000000
000010100001010101110111101111100001011010010110110000001010001011011101111001011100101100111011010001110010010110011000111100001000101100111111111000010001101010100010111000000
100001010000101010111011110111110000101101001011011000000101000101101110111100101110010110011001101000111001001011001100011110000100010110011111111100001000110101010001011100000
010000101000010101011101111011111000010110100101101100000010100010110111011110010111001011001100110100011100100101100110001111000010001011001111111110000100011010101000101110000
001000010100001010101110111101111100001011010010110110000001010001011011101111001011100101100010011010001110010010110011000111100001000101100111111111000010001101010100010111000
000100001010000101010111011110111110000101101001011011000000101000101101110111100101110010110101001101000111001001011001100011110000100010110011111111100001000110101010001011100
100010000101000010101011101111011111000010110100101101100000010100010110111011110010111001011010100110100011100100101100110001111000010001011001111111110000100011010101000101110
010001000010100001010101110111101111100001011010010110110000001010001011011101111001011100101101010011010001110010010110011000111100001000101100111111111000010001101010100010111
001000100001010000101010111011110111110000101101001011011000000101000101101110111100101110010110101001101000111001001011001100011110000100010110011111111100001000110101010001011
100100010000101000010101011101111011111000010110100101101100000010100010110111011110010111001111010100110100011100100101100110001111000010001011001111111110000100011010101000101
110010001000010100001010101110111101111100001011010010110110000001010001011011101111001011100011101010011010001110010010110011000111100001000101100111111111000010001101010100010
011001000100001010000101010111011110111110000101101001011011000000101000101101110111100101110101110101001101000111001001011001100011110000100010110011111111100001000110101010001
101100100010000101000010101011101111011111000010110100101101100000010100010110111011110010111010111010100110100011100100101100110001111000010001011001111111110000100011010101000
010110010001000010100001010101110111101111100001011010010110110000001010001011011101111001011001011101010011010001110010010110011000111100001000101100111111111000010001101010100
101011001000100001010000101010111011110111110000101101001011011000000101000101101110111100101000101110101001101000111001001011001100011110000100010110011111111100001000110101010
010101100100010000101000010101011101111011111000010110100101101100000010100010110111011110010100010111010100110100011100100101100110001111000010001011001111111110000100011010101
101010110010001000010100001010101110111101111100001011010010110110000001010001011011101111001110001011101010011010001110010010110011000111100001000101100111111111000010001101010
110101011001000100001010000101010111011110111110000101101001011011000000101000101101110111100011000101110101001101000111001001011001100011110000100010110011111111100001000110101
011010101100100010000101000010101011101111011111000010110100101101100000010100010110111011110101100010111010100110100011100100101100110001111000010001011001111111110000100011010
101101010110010001000010100001010101110111101111100001011010010110110000001010001011011101111010110001011101010011010001110010010110011000111100001000101100111111111000010001101
010110101011001000100001010000101010111011110111110000101101001011011000000101000101101110111001011000101110101001101000111001001011001100011110000100010110011111111100001000110
101011010101100100010000101000010101011101111011111000010110100101101100000010100010110111011000101100010111010100110100011100100101100110001111000010001011001111111110000100011
110101101010110010001000010100001010101110111101111100001011010010110110000001010001011011101000010110001011101010011010001110010010110011000111100001000101100111111111000010001
011010110101011001000100001010000101010111011110111110000101101001011011000000101000101101110100001011000101110101001101000111001001011001100011110000100010110011111111100001000
001101011010101100100010000101000010101011101111011111000010110100101101100000010100010110111010000101100010111010100110100011100100101100110001111000010001011001111111110000100
000110101101010110010001000010100001010101110111101111100001011010010110110000001010001011011001000010110001011101010011010001110010010110011000111100001000101100111111111000010
000011010110101011001000100001010000101010111011110111110000101101001011011000000101000101101000100001011000101110101001101000111001001011001100011110000100010110011111111100001
000001101011010101100100010000101000010101011101111011111000010110100101101100000010100010110100010000101100010111010100110100011100100101100110001111000010001011001111111110000
100000110101101010110010001000010100001010101110111101111100001011010010110110000001010001011010001000010110001011101010011010001110010010110011000111100001000101100111111111000
110000011010110101011001000100001010000101010111011110111110000101101001011011000000101000101101000100001011000101110101001101000111001001011001100011110000100010110011111111100
111000001101011010101100100010000101000010101011101111011111000010110100101101100000010100010110100010000101100010111010100110100011100100101100110001111000010001011001111111110
011100000110101101010110010001000010100001010101110111101111100001011010010110110000001010001111010001000010110001011101010011010001110010010110011000111100001000101100111111111
101110000011010110101011001000100001010000101010111011110111110000101101001011011000000101000111101000100001011000101110101001101000111001001011001100011110000100010110011111111
110111000001101011010101100100010000101000010101011101111011111000010110100101101100000010100111110100010000101100010111010100110100011100100101100110001111000010001011001111111
011011100000110101101010110010001000010100001010101110111101111100001011010010110110000001010111111010001000010110001011101010011010001110010010110011000111100001000101100111111
001101110000011010110101011001000100001010000101010111011110111110000101101001011011000000101011111101000100001011000101110101001101000111001001011001100011110000100010110011111
000110111000001101011010101100100010000101000010101011101111011111000010110100101101100000010101111110100010000101100010111010100110100011100100101100110001111000010001011001111
000011011100000110101101010110010001000010100001010101110111101111100001011010010110110000001010111111010001000010110001011101010011010001110010010110011000111100001000101100111
000001101110000011010110101011001000100001010000101010111011110111110000101101001011011000000101011111101000100001011000101110101001101000111001001011001100011110000100010110011
100000110111000001101011010101100100010000101000010101011101111011111000010110100101101100000110101111110100010000101100010111010100110100011100100101100110001111000010001011001
110000011011100000110101101010110010001000010100001010101110111101111100001011010010110110000011010111111010001000010110001011101010011010001110010010110011000111100001000101100
011000001101110000011010110101011001000100001010000101010111011110111110000101101001011011000101101011111101000100001011000101110101001101000111001001011001100011110000100010110
101100000110111000001101011010101100100010000101000010101011101111011111000010110100101101100010110101111110100010000101100010111010100110100011100100101100110001111000010001011
110110000011011100000110101101010110010001000010100001010101110111101111100001011010010110110101011010111111010001000010110001011101010011010001110010010110011000111100001000101
011011000001101110000011010110101011001000100001010000101010111011110111110000101101001011011110101101011111101000100001011000101110101001101000111001001011001100011110000100010
001101100000110111000001101011010101100100010000101000010101011101111011111000010110100101101011010110101111110100010000101100010111010100110100011100100101100110001111000010001
000110110000011011100000110101101010110010001000010100001010101110111101111100001011010010110001101011010111111010001000010110001011101010011010001110010010110011000111100001000
000011011000001101110000011010110101011001000100001010000101010111011110111110000101101001011100110101101011111101000100001011000101110101001101000111001001011001100011110000100
000001101100000110111000001101011010101100100010000101000010101011101111011111000010110100101010011010110101111110100010000101100010111010100110100011100100101100110001111000010
100000110110000011011100000110101101010110010001000010100001010101110111101111100001011010010101001101011010111111010001000010110001011101010011010001110010010110011000111100001
110000011011000001101110000011010110101011001000100001010000101010111011110111110000101101001010100110101101011111101000100001011000101110101001101000111001001011001100011110000
011000001101100000110111000001101011010101100100010000101000010101011101111011111000010110100001010011010110101111110100010000101100010111010100110100011100100101100110001111000
001100000110110000011011100000110101101010110010001000010100001010101110111101111100001011010000101001101011010111111010001000010110001011101010011010001110010010110011000111100
100110000011011000001101110000011010110101011001000100001010000101010111011110111110000101101000010100110101101011111101000100001011000101110101001101000111001001011001100011110
010011000001101100000110111000001101011010101100100010000101000010101011101111011111000010110000001010011010110101111110100010000101100010111010100110100011100100101100110001111
101001100000110110000011011100000110101101010110010001000010100001010101110111101111100001011100000101001101011010111111010001000010110001011101010011010001110010010110011000111
010100110000011011000001101110000011010110101011001000100001010000101010111011110111110000101110000010100110101101011111101000100001011000101110101001101000111001001011001100011
101010011000001101100000110111000001101011010101100100010000101000010101011101111011111000010011000001010011010110101111110100010000101100010111010100110100011100100101100110001
110101001100000110110000011011100000110101101010110010001000010100001010101110111101111100001001100000101001101011010111111010001000010110001011101010011010001110010010110011000
111010100110000011011000001101110000011010110101011001000100001010000101010111011110111110000100110000010100110101101011111101000100001011000101110101001101000111001001011001100
111101010011000001101100000110111000001101011010101100100010000101000010101011101111011111000110011000001010011010110101111110100010000101100010111010100110100011100100101100110
011110101001100000110110000011011100000110101101010110010001000010100001010101110111101111100011001100000101001101011010111111010001000010110001011101010011010001110010010110011
001111010100110000011011000001101110000011010110101011001000100001010000101010111011110111110001100110000010100110101101011111101000100001011000101110101001101000111001001011001
100111101010011000001101100000110111000001101011010101100100010000101000010101011101111011111100110011000001010011010110101111110100010000101100010111010100110100011100100101100
110011110101001100000110110000011011100000110101101010110010001000010100001010101110111101111010011001100000101001101011010111111010001000010110001011101010011010001110010010110
111001111010100110000011011000001101110000011010110101011001000100001010000101010111011110111001001100110000010100110101101011111101000100001011000101110101001101000111001001011
111100111101010011000001101100000110111000001101011010101100100010000101000010101011101111011100100110011000001010011010110101111110100010000101100010111010100110100011100100101
111110011110101001100000110110000011011100000110101101010110010001000010100001010101110111101110010011001100000101001101011010111111010001000010110001011101010011010001110010010
111111001111010100110000011011000001101110000011010110101011001000100001010000101010111011110011001001100110000010100110101101011111101000100001011000101110101001101000111001001
011111100111101010011000001101100000110111000001101011010101100100010000101000010101011101111001100100110011000001010011010110101111110100010000101100010111010100110100011100100
001111110011110101001100000110110000011011100000110101101010110010001000010100001010101110111100110010011001100000101001101011010111111010001000010110001011101010011010001110010
100111111001111010100110000011011000001101110000011010110101011001000100001010000101010111011110011001001100110000010100110101101011111101000100001011000101110101001101000111001
010011111100111101010011000001101100000110111000001101011010101100100010000101000010101011101011001100100110011000001010011010110101111110100010000101100010111010100110100011100
001001111110011110101001100000110110000011011100000110101101010110010001000010100001010101110101100110010011001100000101001101011010111111010001000010110001011101010011010001110
000100111111001111010100110000011011000001101110000011010110101011001000100001010000101010111110110011001001100110000010100110101101011111101000100001011000101110101001101000111
100010011111100111101010011000001101100000110111000001101011010101100100010000101000010101011011011001100100110011000001010011010110101111110100010000101100010111010100110100011
010001001111110011110101001100000110110000011011100000110101101010110010001000010100001010101001101100110010011001100000101001101011010111111010001000010110001011101010011010001
001000100111111001111010100110000011011000001101110000011010110101011001000100001010000101010000110110011001001100110000010100110101101011111101000100001011000101110101001101000
000100010011111100111101010011000001101100000110111000001101011010101100100010000101000010101000011011001100100110011000001010011010110101111110100010000101100010111010100110100
100010001001111110011110101001100000110110000011011100000110101101010110010001000010100001010100001101100110010011001100000101001101011010111111010001000010110001011101010011010
110001000100111111001111010100110000011011000001101110000011010110101011001000100001010000101110000110110011001001100110000010100110101101011111101000100001011000101110101001101
011000100010011111100111101010011000001101100000110111000001101011010101100100010000101000010011000011011001100100110011000001010011010110101111110100010000101100010111010100110
101100010001001111110011110101001100000110110000011011100000110101101010110010001000010100001101100001101100110010011001100000101001101011010111111010001000010110001011101010011
010110001000100111111001111010100110000011011000001101110000011010110101011001000100001010000110110000110110011001001100110000010100110101101011111101000100001011000101110101001
001011000100010011111100111101010011000001101100000110111000001101011010101100100010000101000011011000011011001100100110011000001010011010110101111110100010000101100010111010100
000101100010001001111110011110101001100000110110000011011100000110101101010110010001000010100001101100001101100110010011001100000101001101011010111111010001000010110001011101010
100010110001000100111111001111010100110000011011000001101110000011010110101011001000100001010100110110000110110011001001100110000010100110101101011111101000100001011000101110101
010001011000100010011111100111101010011000001101100000110111000001101011010101100100010000101010011011000011011001100100110011000001010011010110101111110100010000101100010111010
101000101100010001001111110011110101001100000110110000011011100000110101101010110010001000010001001101100001101100110010011001100000101001101011010111111010001000010110001011101
110100010110001000100111111001111010100110000011011000001101110000011010110101011001000100001100100110110000110110011001001100110000010100110101101011111101000100001011000101110
011010001011000100010011111100111101010011000001101100000110111000001101011010101100100010000110010011011000011011001100100110011000001010011010110101111110100010000101100010111
101101000101100010001001111110011110101001100000110110000011011100000110101101010110010001000011001001101100001101100110010011001100000101001101011010111111010001000010110001011
010110100010110001000100111111001111010100110000011011000001101110000011010110101011001000100001100100110110000110110011001001100110000010100110101101011111101000100001011000101
101011010001011000100010011111100111101010011000001101100000110111000001101011010101100100010100110010011011000011011001100100110011000001010011010110101111110100010000101100010
010101101000101100010001001111110011110101001100000110110000011011100000110101101010110010001010011001001101100001101100110010011001100000101001101011010111111010001000010110001
101010110100010110001000100111111001111010100110000011011000001101110000011010110101011001000001001100100110110000110110011001001100110000010100110101101011111101000100001011000
110101011010001011000100010011111100111101010011000001101100000110111000001101011010101100100000100110010011011000011011001100100110011000001010011010110101111110100010000101100
111010101101000101100010001001111110011110101001100000110110000011011100000110101101010110010000010011001001101100001101100110010011001100000101001101011010111111010001000010110
111101010110100010110001000100111111001111010100110000011011000001101110000011010110101011001100001001100100110110000110110011001001100110000010100110101101011111101000100001011
111110101011010001011000100010011111100111101010011000001101100000110111000001101011010101100010000100110010011011000011011001100100110011000001010011010110101111110100010000101
011111010101101000101100010001001111110011110101001100000110110000011011100000110101101010110001000010011001001101100001101100110010011001100000101001101011010111111010001000010
001111101010110100010110001000100111111001111010100110000011011000001101110000011010110101011000100001001100100110110000110110011001001100110000010100110101101011111101000100001
100111110101011010001011000100010011111100111101010011000001101100000110111000001101011010101100010000100110010011011000011011001100100110011000001010011010110101111110100010000
110011111010101101000101100010001001111110011110101001100000110110000011011100000110101101010110001000010011001001101100001101100110010011001100000101001101011010111111010001000
011001111101010110100010110001000100111111001111010100110000011011000001101110000011010110101011000100001001100100110110000110110011001001100110000010100110101101011111101000100
101100111110101011010001011000100010011111100111101010011000001101100000110111000001101011010101100010000100110010011011000011011001100100110011000001010011010110101111110100010
010110011111010101101000101100010001001111110011110101001100000110110000011011100000110101101110110001000010011001001101100001101100110010011001100000101001101011010111111010001
001011001111101010110100010110001000100111111001111010100110000011011000001101110000011010110011011000100001001100100110110000110110011001001100110000010100110101101011111101000
000101100111110101011010001011000100010011111100111101010011000001101100000110111000001101011101101100010000100110010011011000011011001100100110011000001010011010110101111110100
100010110011111010101101000101100010001001111110011110101001100000110110000011011100000110101110110110001000010011001001101100001101100110010011001100000101001101011010111111010
110001011001111101010110100010110001000100111111001111010100110000011011000001101110000011010011011011000100001001100100110110000110110011001001100110000010100110101101011111101
011000101100111110101011010001011000100010011111100111101010011000001101100000110111000001101101101101100010000100110010011011000011011001100100110011000001010011010110101111110
101100010110011111010101101000101100010001001111110011110101001100000110110000011011100000110010110110110001000010011001001101100001101100110010011001100000101001101011010111111
110110001011001111101010110100010110001000100111111001111010100110000011011000001101110000011101011011011000100001001100100110110000110110011001001100110000010100110101101011111
011011000101100111110101011010001011000100010011111100111101010011000001101100000110111000001010101101101100010000100110010011011000011011001100100110011000001010011010110101111
001101100010110011111010101101000101100010001001111110011110101001100000110110000011011100000001010110110110001000010011001001101100001101100110010011001100000101001101011010111
100110110001011001111101010110100010110001000100111111001111010100110000011011000001101110000000101011011011000100001001100100110110000110110011001001100110000010100110101101011
110011011000101100111110101011010001011000100010011111100111101010011000001101100000110111000100010101101101100010000100110010011011000011011001100100110011000001010011010110101
111001101100010110011111010101101000101100010001001111110011110101001100000110110000011011100010001010110110110001000010011001001101100001101100110010011001100000101001101011010
111100110110001011001111101010110100010110001000100111111001111010100110000011011000001101110001000101011011011000100001001100100110110000110110011001001100110000010100110101101
111110011011000101100111110101011010001011000100010011111100111101010011000001101100000110111100100010101101101100010000100110010011011000011011001100100110011000001010011010110
111111001101100010110011111010101101000101100010001001111110011110101001100000110110000011011010010001010110110110001000010011001001101100001101100110010011001100000101001101011
011111100110110001011001111101010110100010110001000100111111001111010100110000011011000001101001001000101011011011000100001001100100110110000110110011001001100110000010100110101
101111110011011000101100111110101011010001011000100010011111100111101010011000001101100000110000100100010101101101100010000100110010011011000011011001100100110011000001010011010
010111111001101100010110011111010101101000101100010001001111110011110101001100000110110000011000010010001010110110110001000010011001001101100001101100110010011001100000101001101
001011111100110110001011001111101010110100010110001000100111111001111010100110000011011000001100001001000101011011011000100001001100100110110000110110011001001100110000010100110
000101111110011011000101100111110101011010001011000100010011111100111101010011000001101100000010000100100010101101101100010000100110010011011000011011001100100110011000001010011
000010111111001101100010110011111010101101000101100010001001111110011110101001100000110110000101000010010001010110110110001000010011001001101100001101100110010011001100000101001
100001011111100110110001011001111101010110100010110001000100111111001111010100110000011011000010100001001000101011011011000100001001100100110110000110110011001001100110000010100
010000101111110011011000101100111110101011010001011000100010011111100111101010011000001101100101010000100100010101101101100010000100110010011011000011011001100100110011000001010
001000010111111001101100010110011111010101101000101100010001001111110011110101001100000110110110101000010010001010110110110001000010011001001101100001101100110010011001100000101
100100001011111100110110001011001111101010110100010110001000100111111001111010100110000011011011010100001001000101011011011000100001001100100110110000110110011001001100110000010
010010000101111110011011000101100111110101011010001011000100010011111100111101010011000001101001101010000100100010101101101100010000100110010011011000011011001100100110011000001
001001000010111111001101100010110011111010101101000101100010001001111110011110101001100000110100110101000010010001010110110110001000010011001001101100001101100110010011001100000
100100100001011111100110110001011001111101010110100010110001000100111111001111010100110000011110011010100001001000101011011011000100001001100100110110000110110011001001100110000
010010010000101111110011011000101100111110101011010001011000100010011111100111101010011000001111001101010000100100010101101101100010000100110010011011000011011001100100110011000
001001001000010111111001101100010110011111010101101000101100010001001111110011110101001100000111100110101000010010001010110110110001000010011001001101100001101100110010011001100
100100100100001011111100110110001011001111101010110100010110001000100111111001111010100110000011110011010100001001000101011011011000100001001100100110110000110110011001001100110
110010010010000101111110011011000101100111110101011010001011000100010011111100111101010011000101111001101010000100100010101101101100010000100110010011011000011011001100100110011
011001001001000010111111001101100010110011111010101101000101100010001001111110011110101001100010111100110101000010010001010110110110001000010011001001101100001101100110010011001
101100100100100001011111100110110001011001111101010110100010110001000100111111001111010100110001011110011010100001001000101011011011000100001001100100110110000110110011001001100
010110010010010000101111110011011000101100111110101011010001011000100010011111100111101010011100101111001101010000100100010101101101100010000100110010011011000011011001100100110
001011001001001000010111111001101100010110011111010101101000101100010001001111110011110101001110010111100110101000010010001010110110110001000010011001001101100001101100110010011
000101100100100100001011111100110110001011001111101010110100010110001000100111111001111010100111001011110011010100001001000101011011011000100001001100100110110000110110011001001
000010110010010010000101111110011011000101100111110101011010001011000100010011111100111101010111100101111001101010000100100010101101101100010000100110010011011000011011001100100
000001011001001001000010111111001101100010110011111010101101000101100010001001111110011110101011110010111100110101000010010001010110110110001000010011001001101100001101100110010
000000101100100100100001011111100110110001011001111101010110100010110001000100111111001111010001111001011110011010100001001000101011011011000100001001100100110110000110110011001
100000010110010010010000101111110011011000101100111110101011010001011000100010011111100111101000111100101111001101010000100100010101101101100010000100110010011011000011011001100
010000001011001001001000010111111001101100010110011111010101101000101100010001001111110011110100011110010111100110101000010010001010110110110001000010011001001101100001101100110
101000000101100100100100001011111100110110001011001111101010110100010110001000100111111001111010001111001011110011010100001001000101011011011000100001001100100110110000110110011
110100000010110010010010000101111110011011000101100111110101011010001011000100010011111100111001000111100101111001101010000100100010101101101100010000100110010011011000011011001
111010000001011001001001000010111111001101100010110011111010101101000101100010001001111110011100100011110010111100110101000010010001010110110110001000010011001001101100001101100
111101000000101100100100100001011111100110110001011001111101010110100010110001000100111111001110010001111001011110011010100001001000101011011011000100001001100100110110000110110
111110100000010110010010010000101111110011011000101100111110101011010001011000100010011111100111001000111100101111001101010000100100010101101101100010000100110010011011000011011
111111010000001011001001001000010111111001101100010110011111010101101000101100010001001111110111100100011110010111100110101000010010001010110110110001000010011001001101100001101
111111101000000101100100100100001011111100110110001011001111101010110100010110001000100111111011110010001111001011110011010100001001000101011011011000100001001100100110110000110
111111110100000010110010010010000101111110011011000101100111110101011010001011000100010011111001111001000111100101111001101010000100100010101101101100010000100110010011011000011
011111111010000001011001001001000010111111001101100010110011111010101101000101100010001001111000111100100011110010111100110101000010010001010110110110001000010011001001101100001
101111111101000000101100100100100001011111100110110001011001111101010110100010110001000100111100011110010001111001011110011010100001001000101011011011000100001001100100110110000
110111111110100000010110010010010000101111110011011000101100111110101011010001011000100010011110001111001000111100101111001101010000100100010101101101100010000100110010011011000
111011111111010000001011001001001000010111111001101100010110011111010101101000101100010001001011000111100100011110010111100110101000010010001010110110110001000010011001001101100
011101111111101000000101100100100100001011111100110110001011001111101010110100010110001000100101100011110010001111001011110011010100001001000101011011011000100001001100100110110
101110111111110100000010110010010010000101111110011011000101100111110101011010001011000100010110110001111001000111100101111001101010000100100010101101101100010000100110010011011
110111011111111010000001011001001001000010111111001101100010110011111010101101000101100010001111011000111100100011110010111100110101000010010001010110110110001000010011001001101
011011101111111101000000101100100100100001011111100110110001011001111101010110100010110001000111101100011110010001111001011110011010100001001000101011011011000100001001100100110
001101110111111110100000010110010010010000101111110011011000101100111110101011010001011000100111110110001111001000111100101111001101010000100100010101101101100010000100110010011
000110111011111111010000001011001001001000010111111001101100010110011111010101101000101100010011111011000111100100011110010111100110101000010010001010110110110001000010011001001
100011011101111111101000000101100100100100001011111100110110001011001111101010110100010110001101111101100011110010001111001011110011010100001001000101011011011000100001001100100
110001101110111111110100000010110010010010000101111110011011000101100111110101011010001011000110111110110001111001000111100101111001101010000100100010101101101100010000100110010
011000110111011111111010000001011001001001000010111111001101100010110011111010101101000101100111011111011000111100100011110010111100110101000010010001010110110110001000010011001
101100011011101111111101000000101100100100100001011111100110110001011001111101010110100010110011101111101100011110010001111001011110011010100001001000101011011011000100001001100
010110001101110111111110100000010110010010010000101111110011011000101100111110101011010001011101110111110110001111001000111100101111001101010000100100010101101101100010000100110
101011000110111011111111010000001011001001001000010111111001101100010110011111010101101000101110111011111011000111100100011110010111100110101000010010001010110110110001000010011
110101100011011101111111101000000101100100100100001011111100110110001011001111101010110100010111011101111101100011110010001111001011110011010100001001000101011011011000100001001
111010110001101110111111110100000010110010010010000101111110011011000101100111110101011010001011101110111110110001111001000111100101111001101010000100100010101101101100010000100
111101011000110111011111111010000001011001001001000010111111001101100010110011111010101101000001110111011111011000111100100011110010111100110101000010010001010110110110001000010
011110101100011011101111111101000000101100100100100001011111100110110001011001111101010110100000111011101111101100011110010001111001011110011010100001001000101011011011000100001
001111010110001101110111111110100000010110010010010000101111110011011000101100111110101011010000011101110111110110001111001000111100101111001101010000100100010101101101100010000
000111101011000110111011111111010000001011001001001000010111111001101100010110011111010101101100001110111011111011000111100100011110010111100110101000010010001010110110110001000
100011110101100011011101111111101000000101100100100100001011111100110110001011001111101010110010000111011101111101100011110010001111001011110011010100001001000101011011011000100
110001111010110001101110111111110100000010110010010010000101111110011011000101100111110101011001000011101110111110110001111001000111100101111001101010000100100010101101101100010
111000111101011000110111011111111010000001011001001001000010111111001101100010110011111010101000100001110111011111011000111100100011110010111100110101000010010001010110110110001
111100011110101100011011101111111101000000101100100100100001011111100110110001011001111101010000010000111011101111101100011110010001111001011110011010100001001000101011011011000
011110001111010110001101110111111110100000010110010010010000101111110011011000101100111110101000001000011101110111110110001111001000111100101111001101010000100100010101101101100
