100010001001010000001011101100110011001100011010010110110101101010011000111000110101010111011101001011111101110000100000000011110110101110110110001110011000010111011010011010101
110001000100101000000101110110011001100110001101001011011010110101001100011100011010101011101010100101111110111000010000000001111011010111011011000111001100001011101101001101010
011000100010010100000010111011001100110011000110100101101101011010100110001110001101010101110101010010111111011100001000000000111101101011101101100011100110000101110110100110101
001100010001001010000001011101100110011001100011010010110110101101010011000111000110101010111110101001011111101110000100000000011110110101110110110001110011000010111011010011010
000110001000100101000000101110110011001100110001101001011011010110101001100011100011010101011111010100101111110111000010000000001111011010111011011000111001100001011101101001101
100011000100010010100000010111011001100110011000110100101101101011010100110001110001101010101011101010010111111011100001000000000111101101011101101100011100110000101110110100110
110001100010001001010000001011101100110011001100011010010110110101101010011000111000110101010001110101001011111101110000100000000011110110101110110110001110011000010111011010011
011000110001000100101000000101110110011001100110001101001011011010110101001100011100011010101000111010100101111110111000010000000001111011010111011011000111001100001011101101001
101100011000100010010100000010111011001100110011000110100101101101011010100110001110001101010000011101010010111111011100001000000000111101101011101101100011100110000101110110100
110110001100010001001010000001011101100110011001100011010010110110101101010011000111000110101100001110101001011111101110000100000000011110110101110110110001110011000010111011010
011011000110001000100101000000101110110011001100110001101001011011010110101001100011100011010010000111010100101111110111000010000000001111011010111011011000111001100001011101101
001101100011000100010010100000010111011001100110011000110100101101101011010100110001110001101001000011101010010111111011100001000000000111101101011101101100011100110000101110110
000110110001100010001001010000001011101100110011001100011010010110110101101010011000111000110100100001110101001011111101110000100000000011110110101110110110001110011000010111011
100011011000110001000100101000000101110110011001100110001101001011011010110101001100011100011110010000111010100101111110111000010000000001111011010111011011000111001100001011101
110001101100011000100010010100000010111011001100110011000110100101101101011010100110001110001111001000011101010010111111011100001000000000111101101011101101100011100110000101110
111000110110001100010001001010000001011101100110011001100011010010110110101101010011000111000011100100001110101001011111101110000100000000011110110101110110110001110011000010111
111100011011000110001000100101000000101110110011001100110001101001011011010110101001100011100001110010000111010100101111110111000010000000001111011010111011011000111001100001011
011110001101100011000100010010100000010111011001100110011000110100101101101011010100110001110100111001000011101010010111111011100001000000000111101101011101101100011100110000101
001111000110110001100010001001010000001011101100110011001100011010010110110101101010011000111110011100100001110101001011111101110000100000000011110110101110110110001110011000010
000111100011011000110001000100101000000101110110011001100110001101001011011010110101001100011111001110010000111010100101111110111000010000000001111011010111011011000111001100001
100011110001101100011000100010010100000010111011001100110011000110100101101101011010100110001111100111001000011101010010111111011100001000000000111101101011101101100011100110000
110001111000110110001100010001001010000001011101100110011001100011010010110110101101010011000111110011100100001110101001011111101110000100000000011110110101110110110001110011000
011000111100011011000110001000100101000000101110110011001100110001101001011011010110101001100111111001110010000111010100101111110111000010000000001111011010111011011000111001100
001100011110001101100011000100010010100000010111011001100110011000110100101101101011010100110011111100111001000011101010010111111011100001000000000111101101011101101100011100110
000110001111000110110001100010001001010000001011101100110011001100011010010110110101101010011001111110011100100001110101001011111101110000100000000011110110101110110110001110011
000011000111100011011000110001000100101000000101110110011001100110001101001011011010110101001000111111001110010000111010100101111110111000010000000001111011010111011011000111001
100001100011110001101100011000100010010100000010111011001100110011000110100101101101011010100100011111100111001000011101010010111111011100001000000000111101101011101101100011100
110000110001111000110110001100010001001010000001011101100110011001100011010010110110101101010110001111110011100100001110101001011111101110000100000000011110110101110110110001110
011000011000111100011011000110001000100101000000101110110011001100110001101001011011010110101111000111111001110010000111010100101111110111000010000000001111011010111011011000111
001100001100011110001101100011000100010010100000010111011001100110011000110100101101101011010011100011111100111001000011101010010111111011100001000000000111101101011101101100011
100110000110001111000110110001100010001001010000001011101100110011001100011010010110110101101101110001111110011100100001110101001011111101110000100000000011110110101110110110001
010011000011000111100011011000110001000100101000000101110110011001100110001101001011011010110010111000111111001110010000111010100101111110111000010000000001111011010111011011000
101001100001100011110001101100011000100010010100000010111011001100110011000110100101101101011101011100011111100111001000011101010010111111011100001000000000111101101011101101100
110100110000110001111000110110001100010001001010000001011101100110011001100011010010110110101010101110001111110011100100001110101001011111101110000100000000011110110101110110110
011010011000011000111100011011000110001000100101000000101110110011001100110001101001011011010101010111000111111001110010000111010100101111110111000010000000001111011010111011011
101101001100001100011110001101100011000100010010100000010111011001100110011000110100101101101010101011100011111100111001000011101010010111111011100001000000000111101101011101101
010110100110000110001111000110110001100010001001010000001011101100110011001100011010010110110101010101110001111110011100100001110101001011111101110000100000000011110110101110110
001011010011000011000111100011011000110001000100101000000101110110011001100110001101001011011010101010111000111111001110010000111010100101111110111000010000000001111011010111011
100101101001100001100011110001101100011000100010010100000010111011001100110011000110100101101101010101011100011111100111001000011101010010111111011100001000000000111101101011101
010010110100110000110001111000110110001100010001001010000001011101100110011001100011010010110110101010101110001111110011100100001110101001011111101110000100000000011110110101110
101001011010011000011000111100011011000110001000100101000000101110110011001100110001101001011011010101010111000111111001110010000111010100101111110111000010000000001111011010111
010100101101001100001100011110001101100011000100010010100000010111011001100110011000110100101001101010101011100011111100111001000011101010010111111011100001000000000111101101011
001010010110100110000110001111000110110001100010001001010000001011101100110011001100011010010100110101010101110001111110011100100001110101001011111101110000100000000011110110101
000101001011010011000011000111100011011000110001000100101000000101110110011001100110001101001110011010101010111000111111001110010000111010100101111110111000010000000001111011010
000010100101101001100001100011110001101100011000100010010100000010111011001100110011000110100111001101010101011100011111100111001000011101010010111111011100001000000000111101101
000001010010110100110000110001111000110110001100010001001010000001011101100110011001100011010111100110101010101110001111110011100100001110101001011111101110000100000000011110110
000000101001011010011000011000111100011011000110001000100101000000101110110011001100110001101011110011010101010111000111111001110010000111010100101111110111000010000000001111011
000000010100101101001100001100011110001101100011000100010010100000010111011001100110011000110001111001101010101011100011111100111001000011101010010111111011100001000000000111101
000000001010010110100110000110001111000110110001100010001001010000001011101100110011001100011100111100110101010101110001111110011100100001110101001011111101110000100000000011110
000000000101001011010011000011000111100011011000110001000100101000000101110110011001100110001110011110011010101010111000111111001110010000111010100101111110111000010000000001111
